0.19195655106064566   -0.019230977095513718
0.8962355139917894   -1.7313224898211925
0.45812126246982465   1.388957759015411
0.3022580620957034   0.20036866326830755
-0.31585262926528274   -0.10018907894054777
-0.10419147020703645   0.3539447753359966
0.08410015387485295   0.7568352875897366
1.223746836221762   -0.39516121102827506
-0.4940273699900944   -0.08777198989785455
0.3086352688682039   0.22242895199103166
-1.0764896991964743   -0.06394170936999724
0.7154542315197167   -0.197732049892599
-0.03582581624778715   0.026905980099487525
-0.3266577192123342   0.017413409528976763
0.5985340538343179   -0.09669796129620499
-0.08337948043119137   0.0010531873742481975
0.24620503041504188   0.9036725924867193
-0.09742148278457662   0.43848519043988265
-0.029207572310135616   0.005458309518530448
-1.9250067182144868   0.35474359858164384
0.29478650580767884   -1.0869785300137953
-0.006404911342193821   -0.6520217600474486
0.22628810643727637   -0.33268573747466884
0.020114800915853756   -0.39028688500900754
1.3547650717394168   0.7196842573436804
-0.1709881242722309   0.05000659377783718
-0.192127722407989   0.10477257363379089
-0.25309847004385044   -0.09796955435118658
-0.01545459637904235   0.03688969314441331
0.6875271553826079   -0.8625524861705673
-0.45900059044795555   0.2247176956614998
0.2749626006202494   2.127836335092853
-2.3812142801392637   0.7832549704534717
0.5579960164690883   -0.33799529416973
1.362162254345832   0.6122272730905642
-0.03725036692679476   0.4937303125952362
-0.5140945501317892   1.1015787492768951
0.8453626823538817   -0.4626792285266227
0.3532870056362666   0.9409714951494418
4.803462415487327   -0.10151892304268895
0.1127837713212269   -0.03944160022350415
-0.2071192606218661   -3.834762004787918
-0.8909624472052143   -0.3293595214888878
-1.046227521593349   -0.546739784597576
-0.9435399974455299   -1.1299433358101605
0.0748107323005255   -0.5587937468599566
0.5406535221339026   0.3637260384832834
1.0158028734765205   0.0454728747066349
-0.12748870523855318   -0.0560627800732206
-0.020402786129589682   -0.40421803567996034
0.3811644572205316   0.033099900549320646
-0.5643452135348236   1.631169816272704
-1.1637330475620913   0.007842528823335082
0.4540041069485094   -1.1861034210405987
-0.5457943213701305   1.0125530901291846
2.807233598396648   -0.017292195205161304
-0.42390555179466843   -0.5479632578562091
-0.1754836144317031   -0.07680799039074519
0.0016644539135463954   0.032340859584848884
-0.9984166682319457   0.16610251179740668
0.14029334730258522   -1.19907742898449
-0.09562175806260659   0.15560790306261746
0.04453286235587887   -0.5266602060487936
-0.32704143305684036   -1.9552819460248274
0.13307203796137781   -0.3213870899489842
0.4062923349624908   -0.2654008630617304
0.5445391624451404   0.15927228606538388
0.07553437502454302   -0.2449029224951617
-1.1371174155244348   -0.5977140606855998
-2.5289328806421434   -0.2685390906248664
-2.378117388139961   0.7902417428487327
0.29113651384899464   0.24996923715771957
0.012121957158063608   0.014669354131866054
-0.5913551096952475   0.39160112567805433
0.016775542801310647   -0.9884482968436414
-0.03162223439321062   0.19130782817923125
-1.49179717183291   0.03298809953091589
-0.001216953915408732   -0.029574430327448564
1.7982012598124162   0.1503896588645566
-0.06962654743636211   -0.45678678092943764
1.2188467876042874   -0.5068414513320357
0.008891786773898824   0.06303746987439193
0.22085529290200737   -0.2572013957024228
-2.9499819162677   1.8707576885648973
-2.7568818676652964   0.5477428277765184
-0.764946327050729   0.10127882180760887
1.9639989085077174   -0.17287367589826816
-0.3012254139353804   -2.445799438121019
-0.7348148925520953   -0.10659765064934529
-3.3656107820029453   0.4264511934354852
2.8895731756320617   0.43276450483820483
-0.7123235969547845   1.1845372306360755
-0.10562852836919315   -0.5632167334746141
-0.20575037117760306   0.7662209812965658
-3.01994120732654   0.17463161118520545
2.247284715759796   -0.37021293383252724
0.0437650882680325   -0.07296376496177966
-0.3991658258042479   1.1627249514495315
2.0439527441971794   0.8807259317378308
0.11293080164250882   0.11923000675018687
-0.7868273296971139   0.5549158636878104
0.5143098220996759   -0.33547728055423914
-4.208176977354006   1.3603436375157276
-1.1651593840329453   -2.278264770445146
0.5755233649581794   -6.82788730664446
-0.4833784879382473   0.1535360144432706
1.519104548395859   -0.3567844837071694
-0.2699825685187693   0.3851206439355205
0.06424264702789687   0.04044921266947869
-0.09721207477008159   -0.31506516137979357
-0.1488696555882682   2.6364035795711267
0.6582933624453794   0.03502026996441916
0.3443275967517702   -0.09734850380478689
-0.7391370465019911   -0.5201169975268165
0.2078219637144813   -0.410691346724036
-0.013708133521543805   -0.3792289112968878
-0.9540698564855069   -0.0230617138734903
-1.0565276958459133   1.953917428079519
-0.8156545144640938   -0.5473334083518432
0.4055049959213979   -0.00833596082958091
0.9200024389070162   0.04329780360094823
-0.07182920429715457   0.4212859522770848
0.5568794421815971   0.07802551078873093
0.32411150058956484   -1.944973197756346
0.8171659381465836   0.20612757686087818
0.2154734455840656   -0.2905022131446081
1.7293805292909183   -0.2549221073554264
-0.17402258119238637   -0.3999940907034138
0.2549464339708076   -0.03210386451897263
-0.33269918223320494   -2.84800059761102
0.9368000689680415   -1.0348049603983527
-3.496697468462537   -0.016523474253943127
0.015597999761784019   -1.3451993291097897
0.3654380055386946   -0.3730017468317539
-0.3792179651253077   -0.3546378219423694
-1.24219543023262   1.3668215370072485
-0.1318456340364866   2.3580589389919004
-0.43274361365562247   -0.5589866709724537
0.38731517683703526   -0.37547040217884325
-0.12309073729443873   -1.2383175638636292
-0.9902323310543496   0.47086148846889375
0.8111136522787669   0.7057238884471164
-0.17089344052354954   0.43850610990131605
-0.11774038998969773   0.11946557604412882
0.27992016809528786   0.1743346072523847
0.9529287058318433   -0.5076801800567403
0.39011311215017724   0.23226723852575634
-0.07761151324256703   3.2276340285206158
0.033737304466964185   2.00474301608736
-0.07446305685992335   0.2940563413142091
0.03927762159618444   -0.5262585344054461
-0.3602180541680144   -0.3024400410691002
1.8251485452234524   -2.750943486887015
-1.8502328775692987   0.009766270490723235
0.7414015490757667   -0.3107374075342496
0.24023966140932546   -0.6291472544124176
0.2326358103788373   0.07350177012940204
0.18034126101540612   0.8905839901330851
-0.363890789050976   -0.2896719320387488
-0.8647361814858923   -1.048853421258912
0.496220008640502   1.2769824782003063
-0.07970835497121528   0.19541665718959386
-0.21834234022027185   0.016298430815040257
-0.04702736894900035   -0.005233024790611903
-0.4835297580174034   -0.3707273769939025
0.583180792168118   -0.2381586459090954
1.0699724735404694   -0.19194184438854925
0.013365401938180383   0.27586652614296536
0.4264720991691347   -0.008182509075131229
0.36893366595572474   -0.8341984402051335
-0.20081855794853332   -0.08810989400492415
-1.348493429637622   0.16541051010008484
-1.0171129280710176   -0.6636070391558291
-0.16223768773592037   -0.06648798269967604
-0.05487049702416391   -0.6220614542658133
0.4791124912807904   1.43036205906842
0.037362695702509954   1.8493423262713573
-0.9286747641384638   -0.05731847133348398
-0.17573185728452526   -0.7094594600930414
0.12992756147491125   -0.0733330058343673
0.23311621812904088   -0.7905351464852178
0.5484239057546436   0.32457521311191656
0.6071056865373127   0.3271957464560861
0.1368666862809698   -0.09740491279795423
-0.21395327530791453   -0.000541044563186705
0.9537747581314493   -0.684431362414666
-0.48175082641634326   0.2980282087358207
0.45494928364974346   -0.4758771223320866
0.25861269830358063   0.1612195241098709
-1.4275220461430775   0.25541098296721854
1.2021249077770824   -0.15947483997925918
-0.6905245253334035   2.116429864233339
-1.2949847642184598   0.03223131424492644
0.5004111411356846   -2.528257553113939
0.6411718703649439   -2.5876521774982906
0.008680471550175239   -1.6222516847343016
-1.9178993957085397   0.8624372358703957
0.03647586370776585   -0.907884180372299
-0.5599117015977224   -0.465242802177768
-1.3371309648878213   0.14867623744387568
1.3290772977561167   0.27536928449468234
0.1731409708762282   -1.1199333367869904
0.062417586462741   1.8087113999073805
-0.19486776203038866   0.1175086186658533
1.4261736448182678   0.24958241698970207
-0.1830959835288585   -0.5270618738800071
-0.6043545406656881   -3.4545758946262355
-1.5314646259461782   0.028514461256515793
-0.2645981656653655   -0.15342469695627053
0.7007330420889454   -0.6224226042272398
0.44660301755094717   -0.6562789641809635
-0.2231994862262364   -0.21978979280556898
0.03259774231910793   -0.7197659208816783
-0.1537466508175255   0.48120286361938597
0.2635177742778451   0.4898775321656562
1.7365399218820652   -0.01716451341985535
0.8758728211464153   -0.4761007937878983
-0.017513727102038672   0.18238754476170052
-0.045735900058529975   -1.8464287336829477
0.7575146896126674   -0.033276686393189044
-0.2609616765867147   -0.5461983027748636
0.4873495461680616   1.8548946120441
-1.2160363058723669   -0.3664075878629437
0.10340096859496647   5.82158213995452
0.10314506293633763   -3.0836883794712318
-0.1622630405812692   0.4142733633208625
-0.04302327218303581   -0.028845555403901442
-0.0519995400153216   0.007876534855578838
-1.2379803290185836   -0.9455903012976118
0.9133251134320128   -0.18185200685378355
-1.2819057813116592   0.631770926347239
-1.9190003358749868   0.4973974143770335
1.7882368934658621   -0.3853543394773964
-1.4483115409671026   -0.06175721368110595
-1.759163355665208   0.008265821982252505
0.13916147819803495   0.06349989406117716
-0.947657153557624   0.3580382948479273
-0.17923901352381968   2.493208809126904
-1.497054958175437   -1.263601522043714
-1.796713618537467   0.6955758012335617
-1.3791968199895202   -0.047017758831278296
0.008652795394511375   0.2615396223753421
-1.3615887012916899   -0.1717989305975889
0.8123250800976038   1.3442751340054264
-0.11120466091994954   -1.3262330020134019
0.023925288625467774   -0.021837048710102176
-1.6977797512201538   -0.1905347572255628
-0.07499908936347134   -0.05283819024952031
0.057029159865208616   0.16752612943931391
1.7527570513709443   -0.24196505308264812
0.8858347299574618   0.19953861999851094
-0.33574706214668515   -0.46429298309732897
-0.3706136268218075   0.5921655895712565
0.010685830071460083   0.2747512887270821
-0.16408678230253276   0.37388277096343836
0.16921080442626854   0.2805807075829998
-0.8254937761508795   -0.1532368072097397
-0.06012965316086557   -0.23877420290820825
-3.3153160887830286   0.8650388761355386
0.22298030228716686   0.03971395943946634
-0.8440256667320856   -0.2464566615307252
-1.3223872261600076   -0.0815122454060635
-0.126360262029156   -1.1379323528980878
-1.2924757469776342   -1.5563337510035598
-1.1712644089167767   0.7143749982500337
0.6926463222509269   -0.574505844486076
-0.10286317198255707   0.35212125791760684
1.1838004385870877   0.10514145062636887
-0.6445948568426403   -1.5423779355649239
0.7904959605006162   -0.28490551335797165
-0.01924969923582352   0.43761165682608383
0.3236238313957842   1.430737610994756
-0.5645281400048813   -0.11304750622385415
-0.024283422439842408   0.32266172058339315
0.760329422326959   0.34926930490885744
-0.027400629446913995   -2.107063513019537
-0.8231716576806295   -0.7677099098179737
-0.31581422454241703   -1.6376195994251619
-0.12387642003174054   -0.06386193423841341
-0.751973057662269   0.03890670531995844
-0.2285420171039291   -0.007484916400266299
-0.021309098123000077   0.2985137390731876
-0.6506191545630002   -0.8438197791220127
-0.10357310753940664   -0.4032351557805447
-0.7016606298449253   0.2980536226425981
1.9709668722889737   0.12805174118002588
-0.32366340755529   0.9979822593919889
-0.15819362154594158   0.2244059696444735
0.16250533582862794   -0.048722255392648225
0.5571568188979853   -1.1383871580796596
-1.0493932348254191   0.07834078185232224
-2.1728127316646453   -0.4276571106300346
0.5687627794285144   -1.477859020443468
-0.2618768510693134   -0.0653532074947784
0.16169892727117796   0.6445921821928066
0.8340491745722809   -0.22231701806787765
-0.37421604829996385   -2.202664570297668
0.6350780633287127   1.9294398605274707
0.7006472871563663   -0.3737539680200507
0.25111436715102103   0.04904915007834289
1.1707757052658223   0.9462864619412106
0.016834536249085298   0.29580144983367385
-2.0448261785477184   1.0192005441707301
1.1587019559481062   2.1277803468729246
0.17837333995119942   0.07505394458718928
-0.22891109526264874   0.17074975873155418
0.14042761723914082   0.057285221307192956
0.0921814738289176   2.7965619493552714
1.706524496157347   0.1532161145839722
-0.3361608381071283   -0.6715153253105947
-0.9932470092574232   2.2223972961689276
-0.22936661366926575   -0.1359198267922568
-0.19815529100486648   -0.16584846393560987
0.7763766082247022   -0.07629483954572938
0.26379542189016847   0.0037041631271145276
0.19176581672285178   -1.7016482970166633
-0.5654856121612482   0.1283792983733025
0.012181275619970056   0.1704623141469268
-1.7812697944028935   -0.2566424060111386
-0.00796385679781137   -1.1427006468719805
-0.14632125356560588   -0.20977274800859885
-0.05493089338297452   0.13519349202902345
-0.6263624001588182   -0.5100061381064422
1.7367639979959066   -0.5210083839354058
-0.3328701774769701   0.21185514016607324
-0.37437769673244536   -0.29548888506571497
-0.17609807007873532   -0.09212295278497849
-0.4636412994910041   0.7056230637252344
0.11708187034753038   -0.04960007272464232
-0.00025393825523947414   -1.037511521889625
1.903650430605343   0.0897488951856649
0.7859817150066971   2.9980113063823186
0.003760547379567086   2.0384476386820802
0.6497301309929525   -0.5431818235031582
0.4096410218940494   -0.33319000837847385
0.7506422141405633   0.10281442558876848
-0.1818254940492404   0.7390878540770112
-1.231865524573246   1.3922452211428384
-1.0264740287471532   -0.001831486053576543
-0.6227423535150491   0.5248345152975744
-0.14416365937175837   1.5388647097963488
0.19029389261939295   0.3233894871535119
0.09883621115077333   -0.07356286809747085
0.050170501637059536   -0.6721975441086792
-0.7598487643274651   0.24760037358945083
0.021261156015947257   -0.3384498259227608
-0.481141191939861   -0.19866623733484948
2.327459151246068   0.04065349201142023
0.04137876107239377   -0.009580656027241567
-0.2312862766735098   -0.5937378213742227
0.7225482695952175   0.25107616011688544
-0.921038302733729   -0.3776117489648235
0.26897488743620074   -0.6488501411479881
-0.5664213158371713   0.6363142188642201
-0.6361556966033644   -0.18937004342790337
-0.1204577136145912   0.5114276078609205
0.03476174423874436   -0.3036844983493969
0.25684151010296724   -0.031375269551543024
2.497462985974087   0.6015268872070538
-1.1025859685646076   -0.004809045196412695
1.3989312345078113   0.004095830148924499
-0.04185688003317201   0.19037963369502853
-1.5809004550376495   0.32449738517333426
0.3222843063059305   0.6141482691047834
-0.27847478446014273   0.045343162593605005
0.6575189466050942   -0.5023138330249672
-0.00562354542983854   -0.40447366833254705
2.326107430304519   1.6127873218824587
-0.505262892634511   -0.16581687393414063
0.027009245191633193   0.04421371043351245
-0.7706772726478995   -1.0428275092306258
0.23485590745956583   -0.16814001846432422
-1.380651316678339   2.366855973936596
0.31005572923786684   2.822239195979081
-0.4365298734261188   0.2325668673622479
-1.1826823481748576   0.09425224979030405
0.015227185216469765   0.06336924836981188
-0.2726859805259534   0.2113996732573863
0.36896498115339516   -0.20500709041686416
-0.10705888637448248   0.1259176686178874
0.016008842297076956   -1.508720163595514
0.02284602285422648   0.10826606512153167
0.1826153282596087   0.9667005961729334
-0.29614417698366596   0.14421609913944738
-0.13459870727549486   -0.6788202892333806
0.22516902227767255   0.13835865014065124
0.9885872045017013   0.29027339754184034
-0.008670628511068848   -0.9674613194716448
-2.248743223334886   -0.27126532715277046
0.014479488775411211   0.5849562165177876
-0.6565300474073755   0.4382481260884667
-0.33503426790737906   0.39240573862485684
0.771260914001166   -0.09983094851735723
0.1048730346822753   -0.5118910766010183
0.3459901990491674   -0.6585708870156314
0.7720564844078057   0.14218355970933697
0.8059602813669859   -0.008488871866687793
0.002295488172847337   -1.1887811909456685
0.08578961419958196   0.4842052674563011
0.6566960653784315   0.28462085232988826
-0.1520759072355063   -1.915038187537032
0.3862773043372321   0.18919378878156198
-0.19248603849524418   -0.01702976738739521
-1.2506383837673636   0.6277564161950902
0.06970566471964589   -0.40054600755657876
-0.020163651161699245   3.3319544929676232
-1.573693043069855   0.9700195128421762
-0.9616027695112042   -0.0029271775373640417
3.064467723434722   -0.16059826066442046
-0.39065952928359776   1.347278082536118
0.2269843741721819   -0.11041508122642296
-0.15112927154937555   -1.152494654201493
-2.1754434780713936e-05   2.6351493600353844
-0.028520457897757968   -0.47179121204870617
-0.7244612038006709   -0.0015665294224999522
-0.3795397543725104   0.8943119023105849
0.13043086927495376   0.5761195734911989
-0.6084407527867284   -0.4730723909227117
-0.4672982314067639   0.6359963796918514
0.03945512254018815   0.6801732697562423
0.11214910087279327   0.467340713401721
-1.4496467985982187   0.17842657007723717
1.6913808519637914   0.046732550968039605
0.42983033814671845   0.2092900108888712
-0.10134225305581408   0.1942180844248344
1.8633382840227817   0.10661402421068522
0.09933401632692754   0.920643881423717
-1.913012888324387   -4.113378210436169e-05
0.028896561174814366   0.20441948872045312
0.5257484076132426   0.5936363075216267
0.1660429645960703   -1.2152651419099036
-1.455884733322474   1.0625311323850533
-0.0037021953847355517   0.1443133257565826
-0.4440801062373707   -0.04852791873714209
0.08056914698670917   -0.04795401372664544
1.2074626066107523   0.3115389063907005
0.9861832859810715   -0.843812512470802
-1.02933836798582   -0.3782926563085009
0.02389395823672188   0.0371973397577312
0.38830135442762775   0.49695050912982414
0.8441221780219647   -0.24322050485642516
-0.7435859703910955   0.20215743009165582
-0.17334942199282205   -1.2536648675531827
-0.6344312724588503   0.3899824973994239
-1.1642287294890294   -0.27650100773392955
-0.08604551670940468   -0.3367562708679454
-2.3824579579566154   -0.00028467548194515096
0.72962599224033   0.08791095266413256
0.8028084475686299   0.09898241434124358
-0.1935379483628519   -0.4760330586601695
1.5862033429799574   0.3490191909688409
-0.4590288450975724   -0.8354118794215755
1.383828048428191   -0.6775042942705837
-2.3441806474266147   -1.2850923662618428
-1.3742244365240652   1.2527765859456212
-2.219360534487505   0.6904580508091233
0.33877132023701634   0.07636411011531478
-0.4170316580044015   -1.2643961230561396
-0.007133857912087064   -0.1815046014946713
1.0299023452274134   -1.6167313214473267
0.7622950056519912   0.01056205811460328
-0.08476429005543774   -0.17598877518478254
0.24837909534511096   0.6675833193507874
-0.677327043052036   -0.05853787377848628
2.496683064610797   0.1317961736335893
-0.585235560516589   -0.18266721170645242
-0.9585788396589525   -0.3207200897910758
0.05724305018303971   -0.6330272818748649
-1.2189577097095035   0.024132357048448412
-0.1882217204701273   -0.06184013848753746
0.7779922087453084   -0.483049582810532
-1.5246201880403385   0.058892366627276184
0.24549425191311952   0.10204204947578258
-1.4630311740157416   -0.055921636726839974
1.0167790234374785   -0.647955982395168
0.6014053392614837   0.03172355715389333
0.12589103599583573   0.12874466404115814
0.3043827573644782   0.6528492913625873
-1.4537716142010486   -1.146759293629738
-2.1601824063630692   1.1521673888214778
-1.1439268757571217   0.004648768381930593
-2.339876216042246   0.015907819173217676
0.07145232675534248   1.2997499712469762
-4.157786150385842   -0.1228184304640152
2.7993035460118434   0.5893959629115744
-0.7770846334861597   1.305327548459268
-1.5259113711114998   -0.09430148660720013
-2.6505903918871434   -0.757164667914596
-0.2620876713363751   -0.17645778334933626
0.8152042161364884   0.20360244226680985
-0.27622046470110856   0.8467144951524566
-0.09418349034186632   -0.7068645366871058
-1.5026046223982639   -0.280649059255844
0.07318862115961056   -0.4191027999962105
0.22479513731349962   0.150804769863603
-0.4215138521243583   0.5244659465624848
0.4071337073117964   0.9833756222372174
0.10971193729063776   0.19687553776831007
-0.35483119593454027   0.5730315753423456
0.0024445771128519013   0.06092310468255472
0.04662190889050662   -2.6779338719816828
-0.13411274708215126   1.7094560246387787
0.09224967302920938   -0.11382203633028663
-0.3913458123590124   -0.05620843192872441
-0.16925146821950895   0.4961553827945234
-0.0632301727744512   2.623928493178835
1.5903000382102863   -0.19439633099691694
0.00285275340421068   -0.0757516624954736
1.550540038020534   1.6541505792960385
0.05949840288394078   2.7986152713908767
0.4326021111618987   -1.4921538648170474
0.3031916974969422   -0.10020822532504281
0.6993024466647436   -0.3776475516799407
0.08337984968671093   -0.3959117472253959
0.2247002801647768   -0.6877294762465581
1.1138790194217039   -0.02666493358215024
0.010458501173401372   -0.04639958564832718
0.04801370340415306   -0.4992309967654884
1.315816515921906   -0.054979259872300006
0.9617928611479587   0.603950249792157
-1.429983158206077   1.9959515317707464
-0.5653263375433176   -0.05239652506969176
0.3076152140645094   0.7836546414594374
0.26352708588691093   0.3495774294248016
-0.40318861498026104   0.6669407013770959
-0.6828204070633174   0.2562721997044991
-2.6101540354343795   0.009716346390809169
0.6493103926858134   -0.2595322089717196
0.4540941679501245   0.017387150314897824
-0.8256597245572107   -1.5010177728567933
0.030058627406735736   -0.10022543484942963
0.2840258935328579   -0.18155056460700403
-0.08456239571337378   0.5836300891843288
0.5799536342662415   -1.0159685509439174
0.8312855856590723   0.8127388329347961
-0.268106546917241   0.9299281111534906
-0.40070913269771935   2.2165803124848784
0.0003183329917580896   0.26262530727520167
-0.3454745472726512   0.056513035639596455
0.5150874733832066   -0.4769751348063011
-5.072120167727852   -0.38659756496853465
2.9352729285478873   -0.901381721409484
0.15335548994844533   0.036478056586505825
0.25642207947525786   1.18861988027821
0.855026433075054   3.187214221445949
3.881687797058255   -0.7120374123415227
0.17710967689019477   1.4078785226792239
1.056804218311049   -0.018059436623347802
-0.09156585506313447   0.02175659640189498
1.093326427605414   -0.01034535359589644
-0.17359857423085606   0.004835961833947019
-1.5963423562593098   0.1819507312008017
-0.03290505174945196   0.6313556185223029
-0.2224909758371892   2.1045756046055155
0.7071432215892522   0.41756304999909016
0.09494817941457002   0.28165214536704336
1.3699117293137293   0.02404942797411025
0.8279624159617758   -0.08446758190682366
-0.0857089506040596   0.3852798773706288
0.24769691516176714   -1.1388309121023537
1.7008317616202204   6.143625629720419
-0.20855162877000322   -0.8890619920470576
0.6152491443658545   0.0188270072503456
0.1474126365781223   0.1818505019223252
0.27363218520025806   -0.5764166228584141
0.005304882213101147   -0.8762576011334141
-0.723439672111095   -7.81827469637925
-0.17909383008792595   -0.37071691506698307
0.3974691200644033   -2.0880372095900697
0.32541091087813473   -0.06258542749036224
-0.08247262658728989   0.9420174043948986
0.17568986826008764   -0.09451249085123588
-0.5804625097857526   0.22618900534007566
0.20042416691432688   -1.6892605564033396
0.013419275998300811   0.5207760862520177
-0.35181401302166565   -1.2356703218957463
2.0846344272475394   1.757779386338548
1.2724790105037287   -0.9954746524106304
-1.6534216322900128   -1.4336411711790287
-0.11626271953489829   -0.02107947559331173
0.37555164104308253   -0.2742986221432641
0.872551931767104   0.6509416474227995
-0.0500921913484983   -1.8996263080128293
-0.6235850874659303   -0.3066113988615756
0.872274777048078   -0.003718145178478876
0.033482501366000054   -0.2154852276898029
1.7093173246023603   -0.11117776516299549
-0.984121813319711   -0.23863092073087722
0.019585523454913347   -0.04695541272935163
-0.6973288752977118   -0.8137248873502936
-0.08009502144811534   0.08012241515741111
-3.575385208253889   -0.4395756189746402
2.2220989548604617   -0.012497731386060654
0.41502744418013954   -1.860076432732507
0.0008730740910832968   -1.901249748123249
0.5556573869083932   0.14412628457475282
0.25139433544151074   0.4253982075417797
-1.1565672535857692   -0.17140584193055836
-1.8774583904072324   0.3435208219961724
0.025777995531901583   0.6810579580408722
1.537354842516884   0.019764983309705487
1.3474252261939432   -0.4688940973343944
-0.55319526601793   0.7735840536255517
-1.6329845757212351   -2.0199759879072587
-0.4566920139084978   -0.15495552456300987
-1.5390387002366506   0.36047169172046245
0.0907860865406245   -0.10602838021368312
-0.8468229806711836   -0.05719059218376749
-0.7362020497092102   -0.033093766800929514
-1.8305975895823363   0.07158008495244744
0.14929946623006096   -0.042440196485832936
0.09821736072178192   -0.5098825046431477
-0.19753634632081005   0.5961026164483035
0.7268866013111064   0.4418591638885411
0.5362390566985415   0.2584240879974051
-0.07002014947401031   0.2743433914794616
-0.18446882162979517   0.2416258101860134
-1.370482297682249   0.07946855033551202
0.05289374317153517   0.26130979855877573
-0.2671292399914024   -1.1849690347770863
1.2566356715544467   2.4423869264697284
0.05112613121336569   -1.3563083427859703
1.2423083756553484   0.11151961548621116
1.0068841592707416   0.21981063640647194
0.16963711769973472   0.5989646671023133
-0.02256842620908982   0.8497842882999307
0.06650298715807358   -0.12363188983915373
-1.4528781056923687   -1.468334435052949
0.49691624703833986   0.1674689796539921
-0.16538865235355507   -0.49736811976771045
0.041656111792164545   -1.6964212778316625
-0.3433796575559099   0.06932449745345368
-0.3685520371314277   0.6505600132743373
-0.8037231284157549   -2.872932775804436
1.0942207354424773   1.3233963413578873
-0.09682704504157967   -0.1990981884504835
-0.06590969944512631   1.4305389568470377
-0.6611533877344191   0.8980226765098969
0.5047363734556809   -0.09058019492958048
-0.045249379128586356   -0.015939351010459683
0.3323659860804852   -0.20132122480870573
-0.24409760398472627   0.20060475821147447
-0.8872982704856149   -0.019976013247256487
0.1839994928064627   -1.3164662671587537
0.11079260209986082   -0.2528538852055426
-0.7310272940292347   -1.4041112627940247
0.5704912334626272   -1.6658071581539935
0.071320469693887   -2.036852997208328
-0.9164766908735256   0.008629716872203107
0.4177431670177827   0.6295514564236564
-0.07574254503791317   -0.4908424647843309
1.7468851396808651   -0.7172558713288071
0.9760341202986077   0.6003666953816945
-0.11383240702193953   1.4756303277707314
-0.9495426120636818   -0.06332235554327506
-0.010724790580653312   1.3469687659687737
-0.20200073869552568   0.5543742160020331
0.2126615955120395   3.9121530217773414e-05
-0.11171754190319888   0.530091136034528
-1.147758017569501   -0.04513437410092366
-0.3603152209885292   -0.7379334182707371
-0.5075415146283473   -0.4879038718906967
2.3405275370286844   1.311095192947518
-0.10590167882179853   1.500316360523576
-0.34523512181287463   -1.0325687887952688
-1.4379827213724747   0.2802525170198558
-0.03769611034944892   -0.24236851473098014
-0.18024766503592368   -0.5441384522188056
-0.2059690105850534   -0.6652999456807838
1.2257217710850685   1.3476499903219805
-0.8552928628724373   0.0349999753082282
0.6777868294976366   -0.14846119960451595
1.9137352542147754   1.3077418482470355
-0.3303763393965491   0.298529937911082
-4.513344015430034   0.2514235756224844
1.0071485088928882   0.1611183293101048
0.03827789522251654   -0.2235624047664913
0.0027415943363910144   0.06269076176350398
-0.11292122491087506   0.41893851392704884
1.4490740175816454   -2.0977567251150133
-0.022608300293480623   0.21528148270853728
0.027756662181579263   -0.4686564600290783
0.5092683223162044   0.21773988488170823
0.366161305560512   0.13986000146617028
-0.050359175545786644   0.3239970836212055
-0.8421995066170956   -0.6945231426349894
0.015641074340471784   -4.395861054298221
-0.16257117987927036   -0.057900467017882595
0.25957248689595974   -0.20795821448954516
-0.13723195626565793   -0.19595009433156496
0.18928177393261328   1.0843077623837827
-0.2379756386320152   0.20229755923331352
-0.016656041088962598   -0.5901998609474545
-0.9905400000419755   0.24047929011207742
0.06624307658662498   -0.07759219916369325
0.5519026600761479   0.4401739661393857
-0.13786897540291473   -0.3085016574913384
0.04073544675693296   -0.08107443623815822
-3.5045919173508424   0.03316875180055413
1.9640485504588843   -0.4322477309796568
0.1931942379731409   -0.6529516511488435
-0.5878609916777324   1.6174097312879228
-0.7634929013295609   0.12823670953767233
-3.177923801867782   0.6933621403699584
0.7058465351943336   -0.00739874470878351
-2.376121958258001   -0.13684111099299648
-0.20862211694983354   -1.2578448402147602
0.3484327128105713   -0.917671211548733
-0.09117017872995269   -2.418599901574327
0.1040001891954854   0.3832037438866406
-0.7253082213265786   0.7738935288985817
-0.030744451477591358   0.07792418759073515
0.8854681195319548   -0.7774982597978143
0.3452681408981825   0.5820527168403102
-0.3340243922995437   -0.15560005319093684
-0.4813962180400348   0.5900998173428502
0.42315536182849656   -0.0010132467613413528
-0.15392654689203342   -0.7463661130726792
0.7217380872358298   -0.17605702537572432
0.07585219445522691   1.2211496035518896
-2.1669772157515643   0.05827993734505715
-0.2936893958340825   -2.2382158287627822
0.578496774368613   -1.0858579252967153
1.480763592470178   0.7485749649054312
-1.6215137843836145   0.4010424219896249
0.14031722474802194   0.8238337672092799
-0.5935609154431091   -0.1581084533257532
0.2687309922444063   1.1735684266930564
-0.07713182437111586   1.2140718848565268
-0.8380365507202386   0.5119122348797414
-0.8326638880424877   -0.30666985276375575
1.7901900304911689   0.04158195589346751
-0.37122063052877496   -0.25186225079288266
-0.1064151454494052   0.022819791967774204
-0.059440228656032656   0.0063010223744040745
1.2121322735302054   0.6551870309928209
0.052561982848052656   -0.2494598392362292
-2.1944618762103847   -0.19034918084657143
0.04539441332802313   0.729933314454376
0.1471574555587659   -1.1816155750170387
-1.6100957746958124   0.2178185751740572
0.07081346941534666   1.7971038518828966
-1.0647762136505137   -0.2735017271734376
0.6432726884704619   1.9359921521180286
-0.38645211486742154   2.1127957214664512
0.7074859977138087   -0.7157975120398742
0.9543494854407157   0.38874439459714893
-0.03242044495410971   0.5003778822383482
-0.41797534940506914   0.967901577757445
-1.182028659986036   -0.8364239646369858
0.9612877275064664   -0.46735451273238476
-0.15979530819355664   0.14252286990865115
0.5115571172448432   0.03796698958406861
1.444741256546094   -1.6502619952773165
0.03213196034809933   -0.5604336745873093
0.000577264567249847   -0.07268400624271318
0.2475244095195956   0.19762507079974678
0.01293932594877931   1.0167642467403895
-0.9780595268294262   -0.15122053962007914
0.1612103472780931   2.378928956315347
1.43190494248228   -0.2804014112605372
-0.7706669414399253   -0.12614171870641214
-0.23577362967230053   -0.5865867739800604
-0.01410057780591004   -0.49071316998007913
-1.363821476512423   -0.36635841962811705
-3.471137895246698   -0.9390767402616125
-0.4513685282548278   -0.3200592473947026
0.34690871859158195   0.48290409555253067
0.7762681262418686   -0.8774405284730991
2.4540370654155295   -0.5717239989691818
-0.09567365831172404   0.25511437694987277
-0.3648012838700819   0.08622979172795021
0.005669866341105351   -0.6094021971885142
1.272999645256772   0.07007582198076735
-0.0037484907274834504   -1.0600110084024812
-0.33426607434636285   -0.2556823696509673
0.6525417493045699   -1.1623659852692676
-0.12658446963641132   -0.04818514313241948
0.9143645417380177   0.005113379692506182
0.9736379411967576   -3.2880467467978884
-0.36971480592786565   -1.8323291316017933
-0.8083638107991935   -0.06438600310019643
0.1314951337912504   -0.14577890887526915
0.3637906986262129   -0.6807760322337193
4.60306905390278   -0.4863905954776832
0.9555369543150276   -0.14410811741784277
-0.02156637304069048   -0.760013957069082
-1.5966370743413119   -1.2740007475305202
1.0001973939409088   -0.5971359965486253
0.4963509030051062   1.8304443469096119
0.5894442942747098   0.10805668131295518
0.05313728249431998   2.26870163465543
0.0015792277071673465   0.36210165324407423
-0.06466093896130247   1.671907037947935
1.453026048390656   -1.4904208598705262
0.8974983403188024   -0.544777900710811
1.0682119285324982   0.6536108136630698
0.07447927954048061   -0.33032893713877626
-0.3563861275792077   0.7685941342602244
2.3203970072999303   -1.063002844409285
1.5066544080479203   -0.4002394029260431
-0.9149980931592   0.4273515449857375
-0.4583358696019896   1.4654097893356368
2.05228854705724   0.21930386336765054
-0.255692232820973   -0.06489741572757436
0.3516375160999473   -0.261130985532688
0.0066207430840027155   -0.018116035455904175
-0.526486673628147   0.7500145352092935
-0.10216835656995771   -0.30848850870424815
0.15204325617209474   0.03621046169637753
0.29074965379839973   0.18284620337672935
-0.18213182903909686   1.6030552307078285
0.0010547174855929844   0.1623488904093575
-0.44542517396703585   -0.06525516109460863
-0.08156739935871524   -0.3071584879141706
0.4117558679612525   -0.0773759590814912
-0.009603461903988184   -0.053257993735981786
-2.076985032747877   0.21717074708299947
-1.7858090773285658   0.5136424614629659
0.558645421379187   1.226259564220463
-0.11864846475277557   -0.07207444572886504
0.5810484432486819   -0.10177941269743636
-0.34166186241738655   1.585457479814735
0.16376953811490522   0.10351359273545535
0.5673669498648162   0.6010542086501678
0.07866220175155175   -0.00023813622156850195
-2.228127421102007   -0.6880248753739282
-1.2834993694192944   -0.02011826439801308
0.10484012797744557   -1.09542738346661
-1.5308554425775476   -0.11769505019423172
-1.1130740659799954   -0.05411751654622409
-0.4566713624159837   0.9335142962928944
-0.09380792565088854   0.3697086565059459
-0.7463492009607569   0.0538464029372749
0.16324968893912903   1.528605524311668
0.008076170913356669   -0.18948053484285907
0.1022565506268372   -0.0034494849416423974
-0.428655543195159   0.698881782452634
0.530505823386298   0.13171152298545763
-0.608221910183776   -0.10742933504874215
0.3965036289953806   1.4083636345240924
-0.1224629088824867   1.024482783396154
0.004166301248295465   0.6096098584719267
-1.3235335840121154   0.3324382443891548
0.09608013367932412   -0.09751394367996302
-0.06712114607148216   0.07829795340135935
-0.17537112669823965   -0.30933400780188236
-1.5975536077189938   0.04239715731943232
0.07980902415311793   0.7048282291008796
0.3903372223519532   0.2518560813419849
1.1485829891863353   0.9808982162621636
0.06242505415291044   0.1808274007258379
0.31951701951817846   -0.8703575163364278
0.5156471876339735   0.051013598708245414
-0.02451464754926652   0.14981700889594757
0.47711315970733165   1.5909695586671753
0.5368614724047974   -0.007518624545582792
-0.4464593281248477   0.4497558300497385
-0.8876696733198703   -0.34184453780982005
-0.10725339922425448   1.0405618840784678
-1.0987011435317184   0.1702409583537139
-0.08237713003147099   0.8066491041958651
-0.26392146502625824   0.8403317029651615
-0.41762717418597256   -0.2294572780903378
0.6630739043302963   -0.06036804653314691
0.8576949481869934   0.8756930800577805
0.1335004987613071   -0.04589642455140162
3.7437102122011217   -0.26646699906076987
-0.20771612347258128   -1.0049130703889817
-0.6617992659201   0.7537069531303856
0.8472309586187706   0.4131547415215321
-0.02782928726486802   -0.009268981644698618
1.826805156229576   -0.9121930687600694
0.6998285842051056   1.0004519168579291
-0.2931764851605541   0.0110656306969634
-5.261745411340965   -0.6439092108519594
0.9063256441395889   0.022311265413340425
-0.2447431073245096   -0.4443119926425245
-0.6760281751619807   2.052217497756136
-0.020093602345439193   0.2360479999655991
-0.11786002887142139   1.6919725628582845
0.32385641123223585   1.9790468677971707
0.043183064249900795   -0.39191250978017556
-2.1331078838336657   -0.6110377667452532
-0.9141688308450727   -0.4729458503054586
1.2835898547175164   -0.6878010089491304
0.12437094188828071   0.35430227836594436
0.1836475695896736   0.6550334442402636
0.18557694264390334   0.04210601820025571
0.04814308443866041   1.0837957482299052
0.049438974923963354   0.0803106198520345
-0.13715922340808506   1.5924134004798052
0.13623819471765192   0.10368215496477896
0.18993615013072976   2.8945326326541547
0.705538404456838   0.14842399936344497
2.3085780156500104   0.016684782084187708
-0.5945253901552107   0.059082468092256944
0.3639669226149324   0.304527280488132
-2.282111375224306   -0.6762731766853037
0.0821734435812487   -0.2776400991150252
-0.2225701700330235   0.08931941136335947
-0.2703557164854312   -0.02054080764754655
-1.4636824800352861   0.4730183415584264
-0.37300244170073904   0.06088227879200869
0.09863269338126462   -1.3043259055689351
-0.4217410515167793   -0.29396870239017925
-1.3588742032820869   0.15525323168305577
0.6809861968695758   -1.8162240754424288
-0.23740471467619662   0.4806061072991707
0.10327106762920692   3.0586310369872565
0.1138662850124915   -0.3270977343607875
-0.6966977064479556   0.08702288620974119
-0.005925291400313062   -1.2116063367397654
-0.009244794840048223   -0.06861646515864521
-1.0014196748095068   0.29950713979066285
-0.8332037640684571   0.011389093602603685
-0.0775168851977818   -0.324303097679135
-1.0810376820561476   0.20343001715727216
0.0367201213738681   -0.28119258730443397
-1.6337032507707223   0.25708456160821597
0.21202857447109283   0.9709601394243025
0.570048610132841   0.012540284043508884
-4.199421812157747   0.9071413684581343
-0.35484397940867163   -3.723763200491615
-0.12076347413998444   1.4107214201904736
-0.7531532238327544   0.008362649961521033
-0.18746088631105912   -0.6586915434175917
1.7294606151792875   0.12873208631225075
-0.40995173509565275   0.009428397628014978
-0.13306806151571998   0.5745669394561449
-0.6471683209987492   0.7697773579080183
-1.6073551381210682   -0.18837189685274028
0.2912146286957508   -0.13593095264359706
-0.3299371352915525   -1.1579518120193624
-0.05177495718736567   -1.3636705734036658
0.35685922194098413   -1.394588581677179
-0.7710274685109929   0.45289992299547105
-0.005853565135351928   -0.41251502482789854
-0.03941513787510613   -0.5728280628490348
-0.27189518403251484   0.1320159642472208
1.585510469795918   -0.023637854259591695
-0.15575891610577697   -1.318107178575414
0.6091176584119784   -0.10774864149618876
0.40515959546458147   0.5277132325536966
-1.0479151354625917   1.0301180248807582
-2.9203228883931236   -3.6456087007377795
0.8224566223465849   1.1577634641871088
0.9914365696684632   2.003117025486078
-0.008395257389881708   0.03965412030851524
0.048901927471416376   -0.8300434435453226
-0.00444926493834849   -1.9808640156777568
-0.2687877395478524   -1.0369184043180255
0.0683530381290274   -1.0394754874113379
-0.04624811437948324   0.6631307259201171
-0.7506425865967669   -0.19694062813312396
-0.7047165269941583   -1.410706466136218
0.3252657498369711   0.09961558473997942
0.124760131499348   0.6790986152610631
-0.008501979771037367   1.2838597689520246
-0.8254753013936067   -0.7219199096921647
-0.12189924654887085   -0.3147760269916943
0.29818065620515444   0.48310863269141313
-0.4562969196621902   -0.5155870163651228
0.6168488841635125   -0.3677315580420798
-1.1188180487926214   0.04218777728190803
4.104925197780015   -0.11877671203820919
0.26971569227989484   0.19842704452875326
-0.46999959800543645   0.03640565125858397
0.3557803334919052   0.8009257738695829
-1.0404030276011405   -0.17006894089248975
-1.0458235288807631   -0.8479865626605081
-0.16008395887944732   -0.1561431125582579
1.4245561441328756   1.135988337771941
-0.29171952174431093   -0.4127926560162151
-1.423851656159382   -1.1008548365785813
0.05344102894698879   -1.5144740431933166
-0.6599785972736472   -0.3827306196346227
-0.24630684716495282   -0.029893859225971074
1.9076281754734785   0.1838178620088472
0.04182023780015298   -2.624187243352309
-0.24191999668594705   0.09105245217906663
-1.1914407810452303   0.2753472582456454
-0.09759783069671395   2.0686860681279526
0.5590666558902433   0.1204602794419758
-0.20197016287660105   0.016937161134229013
-0.027822442796227722   -0.07881296827076359
-0.3654094027323332   0.4049513214902565
-1.9747596889969976   -0.18044545580676882
0.1640943806320216   0.06578976650761327
0.1423373345408482   -1.3161285295883383
-0.25533913225775023   0.014528920934098742
-0.717126777406391   -0.050792192349630005
0.15512801117294653   -0.22562972659908365
0.313382734368201   -0.3640095755120149
0.2152280661406358   0.4965889910750386
-1.0637495828976893   -0.09372344582637573
-0.8283999988242994   -0.411678743607888
1.670500951702637   0.0047613713889660125
-0.003992583081672762   -0.26302806844112026
-1.113804658216303   -0.2508064773968549
2.956735126187394   0.23361979525912013
3.0688715950257768   3.0858051383715486
2.8128284431883737   2.615358321638438
0.4631027676800399   0.9760931043012708
0.5059489171196998   2.397175093692829
0.9657433137163203   3.1078225671233772
0.385671655143925   3.116326580806538
3.828994078848692   1.3418502729901374
2.907464700151016   2.3702716635671974
1.5614233129483468   3.202970804661775
2.871000023169394   1.5455869209987938
3.363420136994981   1.3637257824758375
1.5132143993183993   1.0771941282083848
2.9206954312995705   2.73172354203708
2.6188246433334443   0.1352744163207933
0.5840297717160223   3.2171291136830167
1.0249063345765332   3.1418472891822242
2.740565008520436   2.9436613739346527
1.2559124641349153   1.5013140620263539
2.1990532760325263   0.9730880758246325
0.7727353930105234   1.3115307840301602
3.3087361980221814   1.800663212046386
1.4441778576712097   1.5318233962377257
1.7096281737533814   1.6248805177187908
2.5438760447219897   3.341373308982898
3.3304887759164603   1.6647011194833403
2.287928916140605   1.5041746668582316
2.2023783243324675   2.263643449363997
2.179294813186518   0.9449564120642828
1.725851484520864   1.8432750717408142
5.289448329795406   2.9559488001160963
2.3428989292572253   2.2268887468639997
0.938756669920862   1.7212837002781356
1.8874065676136234   2.6747105271951437
1.6567753646725356   3.6215883037961794
2.1084602837384923   3.24961593466754
1.1089793918533708   4.106935439782533
3.156758157020707   1.2717763308730188
4.014384889062592   2.655647541284134
0.9190547215220213   1.2884618184094783
2.1130087915801687   4.314462364369424
2.5611059771047477   1.4949073118998295
0.5672873011633637   1.4328987260022898
0.15782862992884716   -0.0436622425026556
0.7756323153255269   1.972277339650776
3.907980227443441   2.1889129975770456
1.973699271543036   2.4280871960682577
3.4467307513149867   2.47861448907202
1.450476808704965   2.6682719666610253
1.566668354813172   3.7710262620226143
2.8966458612364656   1.7127470253269756
1.8763210463932007   2.1352637757906185
2.8802713612732393   1.929631855379959
2.120429284254911   4.4891930026835585
3.6018825110052948   1.1612000975500996
1.671368948622086   2.3469309289466183
3.076730011823448   2.858221131573745
2.25790124414648   2.831248231486301
4.130980399230966   3.0135349914425893
1.2174009566179056   1.961229595622094
0.8779454591051674   2.042941074809524
1.2814525799523686   1.7443344195933426
1.3312340235091946   0.6135373150547117
1.1531147531795503   1.479419118697908
3.1977801113283784   2.0452303692523186
2.5533586801071113   -0.0375108761343359
2.5767150809598305   2.13090791720065
1.6184188732118971   1.5912128518054933
2.389642728763193   1.5949844622616256
2.2230605296743247   2.687923703406014
1.914487889426021   1.6979307230138259
1.9778723519664132   2.1940987237555127
1.6843568011505405   3.3912392122389137
2.392547434916307   1.4427917793095557
2.195060112667347   1.7169577741780784
4.051359203118333   1.7943230099697383
2.7693045530513363   0.5565297401502705
1.063334286508868   0.7982105082099193
1.782262107608649   1.796706996712423
3.2200182290022314   2.4831283797419723
2.4160573580758298   2.40673873761381
1.7408903420267203   2.8554336338279787
2.2937813461070102   0.8873373452336855
2.1514478178193035   3.506058100377843
1.3984751379068643   1.9140400833726723
0.7076153122554276   3.5213289690163965
1.6075960453308322   1.2597647050064866
2.2947833363943717   2.666279940813718
2.7783560865504415   3.3607534298644763
2.3619556245975795   3.0803934861196254
0.5529037339161456   3.441547666290508
2.990648843234   1.6038264497005386
1.7743593003525642   1.4545879513227238
1.4971582051463608   1.469177082475099
0.8114451470325688   2.5168431839547876
2.2159551073491155   3.6829054371433445
2.875769295413473   2.8018304573993387
-0.6521213645738859   3.313137099084621
2.102186568068445   3.238519282049179
5.256904565967558   0.7202571396165423
1.4775004354679107   1.2523356057588761
4.1855181878025665   2.15558258367811
1.842736607842503   2.359112409574177
2.2936133320553385   1.7083742723556816
0.8839774991820695   2.519305836647102
2.637297910503194   3.723069918194209
2.0770034182738133   1.4710244744336731
2.0457087796995705   2.8231777571074077
3.643802497325429   -0.27813464836041923
1.3969104795304266   1.3262162937640047
2.5979053912146313   0.6492414910414694
1.2964711521105887   3.2871839443190005
1.9737157956540192   1.1543686287514272
2.31460850654806   1.5519736726168514
1.7753602253678427   -0.7743854957075933
1.5585350329278351   2.4698545561162915
2.9948211688220594   1.0781552468491977
3.5105046026635254   2.3549563975717804
4.003826677456364   3.727202241688368
2.9070195682086943   0.5062237407481456
1.9339634298407054   3.83315845717414
2.119610064293742   0.4446664621423273
2.5945476454514145   2.6245221384378574
1.4632264306299905   1.6805899145527283
2.1257946469742732   2.6102903995307867
4.597787521152582   3.052587023024949
3.8460597394553044   2.3540917864670634
0.88639689158672   2.2837330153990063
1.5466451435876516   2.773386825150773
1.162135981840818   2.4901196102779966
1.515194670010734   1.7759489853311994
2.371679116248754   0.9428673497611086
2.2585689663200417   2.613083344971783
3.821488157284646   2.8555415784087725
1.8468345148559906   -0.19422140820688805
1.333237849438095   1.5259646971230159
1.8640076986324465   1.305805813109866
3.0891113737413196   1.86630689748514
1.5166248963012348   2.361333607974224
3.2911119628002687   1.9577397928841673
2.9123223850649813   3.1123511230541747
0.6010801209267629   1.0628011050235355
1.706157908796546   3.1796797356077935
2.670602182992109   0.8960995257482047
0.059698758536735674   1.8227899846449436
2.1230831257211946   3.191807020487704
1.6189695890145386   1.3413180135214002
2.1969731453520427   3.201962113831813
1.3814228760241396   1.719364510432198
0.9725553081869567   1.8762931395822788
0.36547106424628617   2.8573833867523564
2.0142919943954887   1.30570547237008
-0.5914897559664349   2.0943184281167317
2.3172900570610073   2.6967266698337817
1.0189912563110781   1.7605914005497951
2.012738301936084   0.5244884925577564
2.5812973713111464   0.7107877284828874
0.8534082067030249   3.789441334882983
0.8002829214803355   2.9612465941531094
4.370105733541879   3.638923528037114
1.9323782769636   2.12676225014238
2.459805366260322   1.3928513516236338
1.6444860551779716   0.754854355431475
0.9628354054731609   2.1085506357134474
0.8742470386603041   1.72640101076979
2.2475463413653434   2.5875371308202215
2.015904597974337   1.1541940114199263
2.7642312276302707   1.873855543694126
0.8291227221663242   0.7154918545778692
2.4650583231576286   0.9242812437409997
1.7607788642917155   0.23533219952745066
3.1648778196656853   1.0356468340127594
2.9801287819434377   4.900712443813168
0.24190427133997727   2.413183243710139
1.5174019627269826   2.4160077017784847
2.0633521254301748   1.4980330088231082
3.770873036680106   2.1035983913784513
0.16829784963240235   1.1509249176669876
0.8173266573840356   3.4531136826125417
1.2587037539735608   1.1990459509482365
0.11902632124171042   2.2817573564054094
1.0778744034010628   1.191006469066604
1.338602702766872   3.014441055015304
1.7680527823288095   2.5402676389512124
1.084180063299942   3.2002824799304506
2.6177291916167538   1.3453908482477939
1.9262205648443804   3.8354607175432562
0.18678931315810998   2.0259783778033578
2.2396370961349388   1.5310847884102285
2.221845037155113   1.8458285382095718
2.0512413002182925   1.805967595955634
2.6693204767560683   2.229914378399887
1.1026772156638587   2.983814031359695
3.238479951267906   3.589760241322483
2.3487578868994343   0.8922284812461825
2.1243424460355085   2.867720120443825
-0.6803194861581265   3.950384300720826
3.2052242733217424   2.7970542686979485
2.523134738965425   1.5918849249032074
2.312065230496776   1.0619280824087065
4.06199487611512   2.2388842984329287
1.7644677878239778   0.668303320522595
3.1722163855185137   0.707897936169966
2.998491420942652   0.9356130852993512
2.456926902447418   2.062842222967693
1.6053771385043845   2.120956363703981
4.064904113757809   1.7892276282768824
2.9993291204181753   1.3373916052282977
1.0824392315524534   2.5308389969269895
0.5302960530332601   3.0507857063635977
0.6454718531925332   3.1637376485598088
-0.2095713147612832   1.7001158663319051
0.9748299367926665   1.7368755304439862
1.6579691021961485   4.015551069345871
3.5737604888121446   2.4524502339992598
1.836292531782157   1.8219298105691168
0.9064413127620765   1.582375256414679
2.07569535802002   3.346985717034176
1.1083899395127257   1.745706088175142
1.8667888025031891   1.8215183777297206
1.881000856192268   2.485476525056714
1.8379911459589737   2.6473392247676504
1.3323341030003526   1.990688566429552
2.402372486640549   1.7270684325890462
3.377861288121   1.757624269360038
1.6789310125799617   1.8651942432710626
0.9932800630323668   3.6385601881276797
1.5180363975526245   1.9626496614472129
0.9129980005241121   2.298837275297707
0.762277569853868   1.0409610758106214
2.1919736762357815   1.2971871902193814
2.7880467987218274   1.6358661145733129
1.8113257205172009   1.217656723193207
3.003506449078587   1.765016880194652
2.52547045125443   0.9698679273501769
1.1629848107788838   3.1676066849904023
1.4367765133718216   0.08738905322113522
1.8067195801483371   3.6751081812451423
2.5268741431476593   1.5631247823931356
1.767196363737047   0.3988271118863076
0.7086492824201938   3.5004865240358702
2.7131032723951254   4.022421938735335
2.074156645043382   0.8111164647241229
2.185563765113743   0.9373268920116353
0.9239918634706514   0.5708428043119542
2.738825783748456   1.0945707943241745
1.0754478540318457   0.0400108186716408
0.5357117899726012   4.973354996059681
2.3848913997846037   2.522528743244064
1.3333864992561317   2.9534143809885127
1.7619899380574762   -0.2783170546251812
1.783095822322245   2.858582948035475
2.5822927276306338   2.3127866056530975
2.246416569677952   2.1985470770186106
2.946913692586799   3.1233082606637654
2.819558445614473   2.822244451360032
4.152953902883246   1.7449976798715294
1.8740280135760115   2.18235780393206
2.9958837018520024   1.4108872459629505
2.6040507500094936   2.2139332877127296
2.4048941634879535   2.544734221873549
-0.5304894450682678   2.9562020738385453
1.242458239358791   2.595339555543462
1.0739210091313773   3.855974356312915
1.8877095179884076   1.4408562739053683
1.8456571542069709   -0.4113435556561149
2.040780744864192   1.82780108103264
2.920495187437502   0.7636147551814292
0.5534992634560199   -0.4195367381866135
3.856951727824578   2.62286578396189
2.9844049814374864   2.456379491522488
2.0886971408741744   2.575131639492695
2.19203334059188   2.0818455431106693
1.1905798349928447   3.4368854760384044
2.944401168808688   0.24770040512985947
0.698732044414335   3.081444975074646
1.9072905159886362   3.0985696433720373
2.2164863017020178   3.3623922953327177
3.3114217276846682   2.6945498595594146
2.5334781427169464   2.235363945683625
0.11641247598442805   3.967846247615313
2.6516954533107233   2.5955707009384477
2.2769256153852564   2.5258673914967398
3.407882161684796   2.7592934237832467
3.6245040515625973   1.1882187409949627
2.1041971756965974   0.6985915068736275
2.3419662254410505   2.6409475628025483
0.970780575163011   2.5563141439033723
0.07237715292991176   2.4024108314571437
2.2416019449474214   3.016551865558569
0.7586136213371995   3.5701335363415283
2.5695882396577776   2.5502834174363747
2.4389932406488573   4.273914615904953
2.9265209322852117   1.986300908417541
1.7293500763645349   1.9812689532809706
2.941937038316608   2.4954091240650245
3.096595377247527   2.739171249535844
1.326634866755235   1.985393063709174
-0.3794009692087035   2.251229350307883
2.4560720976520756   3.3316501507320404
1.7660691052778503   3.1751827877953787
0.5385098520975324   2.8461011978562034
2.0667339241224667   0.6609022108696958
2.3993192585274823   2.546966425663573
2.0377379974403738   0.6605180456470758
2.980952634751019   3.0111055878002384
2.2249326451606777   -0.02664851894898801
1.8255899243021385   3.30537256074276
2.7589972273587966   3.0558753059936232
1.5800130472792748   2.5076097432734503
-0.19627691252258828   1.142926808634857
2.578840524078376   0.48086795361517254
2.5402382095862506   1.992372319685551
2.7508851390013005   0.6257273796095681
1.7002200105197764   -0.20078591816342062
2.3422915047465285   1.7227852749952686
3.1749368256547443   0.3448685551685484
1.2045187075678676   1.8396535966088752
1.3681219636173867   2.05310847812624
0.4752571723881036   2.955308401029596
1.6403239639941554   1.5060423295968306
1.5182083518820142   -0.05700606795459384
1.5190310894365133   2.073013809323123
1.2951189973279456   2.2763854381362267
1.742005724401201   2.9735022407031626
2.618900032734074   3.4315934079428754
2.1303724069320227   1.9316710812412918
3.105472126772458   0.2008935126307605
2.7344491445794894   1.917642309700892
1.7746083713813865   1.6312137858454085
2.330381698369491   2.325767491366672
3.508880594765117   1.0875388797929315
2.800370437064674   1.6955885416190504
2.5175683411601963   2.0513794565454258
3.449784291088174   1.3431666633223545
3.4857806539140643   3.06662906847435
1.3634812292582867   1.4901545547735775
1.7452421914088512   1.4818128865767033
2.199457074291743   2.218034638826872
2.555310358512361   1.9383711574876756
1.4487843670832015   2.229733615900919
1.4813079211530742   1.2933964455733917
1.6173521886683087   4.907642171809577
2.2366328675586007   2.1976242524450855
2.5518919014756953   2.808915222290298
1.4485346197559357   1.9083831832618963
3.5498138937259673   1.28906211241766
2.9496773287680567   1.6421749394225247
2.399137978266293   1.7865408617927954
1.3785998478499732   2.6609294229331217
2.4550030151246407   2.486613237496785
3.7463312062889336   1.0491525662777221
1.994012672051499   2.0720160265502763
0.19845486568436033   2.1115998463575374
0.8734289173279994   3.7158510417439476
2.1508712518776534   2.4816851067187273
1.822613200478778   2.6171772367362327
1.8593706328892434   2.641057714032947
2.378459748011828   1.9353732182982144
3.208676370277974   2.390355664635277
2.9986410978638256   -0.058896244805136444
1.8808965097597325   1.8282878542388556
1.6423467936958491   1.4925172606038366
1.3091652472689832   2.7841629603996765
2.2060267940688516   1.3500915976988441
2.6225007736695884   1.912926947683521
1.5357954675566141   1.061038125467463
4.5543898654627935   4.253549044708285
1.102556009319735   2.7787385305939902
2.137142375644027   3.9556622050204497
2.239471047600691   3.4500098604126066
3.0712874276235604   1.702642178713647
2.252119995737382   1.4220077397545674
0.42421381228746746   1.4851146513349456
1.0507818977577936   2.3754528432121957
1.5651731225430079   2.395476414663265
2.1412678061416313   1.0160463361353038
2.5973941733141963   1.4885948663152773
2.044119762170208   0.5637466564920377
2.3188172569270336   2.4362538919011625
1.7907854482573033   0.7652370966490496
1.795010329027172   1.8693477825124631
2.589292800884652   1.3864677028751293
2.7963791611880335   1.9013975977706672
1.333745247105799   2.127813074231518
2.9592706090812713   2.861675454330027
1.6030434649064265   2.147208393962955
3.445638035692909   2.464051640215979
0.4446846475853139   3.0205617057480674
2.642045615238275   1.4700998211830343
2.313672974286993   2.0527262867195226
3.0839691422837006   0.7148105991913949
2.9145376881119054   2.7545535261913847
1.063061767605362   2.1839417410829642
0.9722710918014861   2.6122002754872704
0.9035720592982028   2.3404817110528535
2.0083698949016133   1.0929210385321952
2.6964085585895914   -0.6685881293397169
0.9670995140242769   2.0929532947925606
2.309968336722491   1.5850082850609302
1.9699625921627044   2.0678550547193937
1.5760711801463987   1.2905794101189576
2.5758176343169454   2.381166624468281
1.3298124492627426   3.097019234515342
2.040967208500379   1.660834757186673
3.3249128191800743   4.11056935161257
1.7359016233159412   0.7091202062405944
2.6252732398066025   1.0792412802896836
3.305754006545091   4.1831457632260545
1.6046554157615183   1.881543538807265
1.293192060380258   2.4326031247341717
1.9080871844493639   0.7446951829801174
1.744950556079545   3.0183615287444505
2.063884639666176   0.9614045610969226
1.5408633737468305   0.9183465492235476
2.238273828082727   1.0874095113137225
1.1622259290596104   0.3474022620272299
1.7823590869559243   1.941162990459298
2.9587911924103785   3.2931463175885742
0.7125817263014935   1.0092310690126038
2.5303702345126124   1.561433518201282
2.539199108742201   2.775571430436235
2.213721918359959   1.583027142934022
3.041278195619051   1.8777761493850411
3.302475849854159   2.009487832161285
0.027500358378434564   0.563299667299443
2.3029670373014923   0.46086487657468256
2.790900027536303   1.5800643014882831
2.1796073518676855   1.814002493629184
3.3952530762045123   -0.2797806781383416
0.7588975558713535   1.3242246559876167
2.07976985949441   2.788215597482952
2.920425776553772   2.056805144380321
1.48345317201675   1.4906655987351713
1.0510487302237332   3.225358764117248
1.9720150968176335   2.70483321324595
0.24667209285538116   3.044058742603826
1.3588655024540985   1.547375841280545
2.985740157472904   3.621677622650088
1.1800367120243365   1.585890888841466
1.5475323310837505   1.8387608220814087
1.1133489120350335   2.990424838811236
3.010061091192136   1.6246971585067165
3.20645601951629   1.6999779876296377
-0.2198117109399571   2.1256752549751696
5.256725966431722   1.3413648787927905
2.212081493289239   0.9808770260323967
1.4705258537343   2.479957769176024
0.9865813707114797   2.0520756481512343
2.166226069007386   1.1957673067391101
2.1672063338516274   -0.23903654314526568
1.4022256698125641   1.727312979477984
1.488941254961756   2.1775701354034545
2.316128699413413   2.443043744970017
0.37149144251421906   3.9454573985232475
2.651423485343973   1.9555615202336694
1.697668814785994   3.928044139032191
1.0156301061616333   -0.8418253598093197
2.638087189527596   3.787015733618146
1.996314181997364   -0.32516959622232067
1.364918797454822   1.319664412086936
4.48781213487426   2.9633377422148626
1.5032637899884376   2.8524126615052308
1.8745633605050422   2.539623327523452
0.7020108933201259   1.3135648852354538
2.09086886923767   2.777735727365979
1.3583483752368928   0.9265877202968282
1.2018794091076952   0.24980367015614724
1.1074256075931168   3.3886107268039045
2.8907816343325106   1.9881880361385063
1.7379207374423982   1.258602380519768
2.295268970381236   2.8993972584402634
2.505169975107368   1.9713050165855601
2.1592987766789085   1.419678441271814
4.680289934059552   1.2926822205571744
2.0011806052339405   2.9790202180328818
0.29511010971090923   -0.20035627778923626
1.651545017178348   1.3362811094323876
4.480743529712609   0.5088209039677334
1.9314951057026453   3.573410491576955
0.7101989854497168   3.1482981680921696
1.7509052864554326   2.6311163225701186
1.205925274592231   3.133822293603017
1.7233452626096195   3.0101255715287034
2.3435975976295302   2.4317330700331934
1.5861669653077763   0.8058453129066538
2.1306356246260023   2.3410532708811433
1.5917346703448798   2.7665517381514695
3.0419180793017646   2.5994840316372834
1.4152183402609366   2.639970459854368
0.9227940240194703   1.709922609648523
1.8208246008844513   3.5246280086479906
1.1782805048127378   1.0581400663697402
4.120231916290651   1.8677750355502438
1.9853233966166945   2.275309365163996
3.0007131383117205   0.013733491907110817
3.607783474977353   2.4191226557907903
0.713799096745696   2.200680364473788
1.0943168182542067   2.4809529082187307
1.8719936090265714   2.9859452015434855
2.238039392520847   1.004475839290721
2.5558546870709056   2.0749075624482396
1.6963048121217086   -0.06879424196992412
3.4899135945989697   1.9467478882354752
2.8761921152397423   2.7896509777980665
1.7110232119581021   1.8232938686792235
2.6644004548001075   0.21441662746170964
2.422994758388414   1.5336457417680123
2.903259253774552   3.3983739979950927
2.452084844561181   2.0686978431650997
2.9174243356210074   1.1959294969995105
3.2860798625634997   -0.19796018277685468
2.89902550883595   2.5001672830810606
-0.1951489918557896   1.3999241244542717
0.5203536281386874   3.1811609800455387
1.9937961836870342   2.8681395992018226
1.1312143919600808   0.6616253669982473
1.4190728697570332   2.20653545916421
2.2616794941142415   2.3927719536478187
2.8305658696778866   1.5383292005424822
2.7128249131154596   1.7867709187545628
0.5897611361728203   3.2662814093534562
2.518218601404953   1.9129813243653262
3.0961767424405213   2.4871054655772102
1.3270085669089806   0.9646845385998863
1.1368846530858603   1.7431173650527507
4.439668732682133   0.6276281029019875
1.7933980060888024   1.311321636944852
2.3493041477033   2.1862998231793314
1.592566014964754   2.892598361019603
0.5384209175304413   2.8380209384180866
0.1386793606590897   2.124024900326611
1.7880749718576705   0.4650646531173648
0.19495792034097925   0.3901117869778974
0.9386524047411715   -0.7256324729314207
3.0601921002864385   1.3064057861464469
2.32409812608536   1.6998376938376443
2.6042381000874126   2.6732268797103025
1.3522559994873544   2.050435368819573
1.997157840282198   3.5509812935755525
0.8188490770806753   1.6566003950937092
4.4139581507920065   1.7435611182695785
1.6663999127149465   1.6600231566268504
1.7542663967158894   2.8171458426018807
3.3851052456931274   1.560140945369637
1.6562408384910168   2.3957536879118106
1.2725662338415806   0.8469909655699908
1.9129452713372916   1.5038325248746154
2.659881169694688   2.184845907509022
2.2378916195194423   3.252675772360413
0.8335953428253395   2.6258492788663528
3.267618326265877   1.6010852472815966
3.385412334810333   2.316211687502696
2.9171213704498555   1.1918009220180372
2.1072354987177717   1.0375906641107284
1.5553878527740004   2.1323478901157595
2.7280136408188844   2.669463071482096
2.4587989119937985   0.34261924795081855
2.193936502653022   1.9546219494291863
1.2153825974108023   2.9022746846344893
1.0045926546241883   1.3060489981572656
3.179364345768846   0.19463790312748075
2.1929082195739884   0.9808566664032898
1.3130999686282174   2.6737026460562565
1.3641559305686792   2.2797818131634378
4.256171640685739   1.6942753317042922
1.0149631645190393   1.4679163034733325
3.2559864254855877   2.0806949356277644
1.1768727238925933   1.2817939953980049
3.0427425583596492   1.0435583552723195
3.5700361856207663   0.23768946287340742
2.892584865730588   1.7684757098886155
1.3623075128306223   0.699803142954263
1.8513320664695037   0.8545486148482169
1.8464414428401361   1.7974196477802278
2.290291712018487   1.0787398989240868
1.1893760899278103   3.2720291896200866
1.0557326032488863   4.240746808472296
1.1139936357479416   1.1860054703325729
1.26357241396475   1.28438270249053
1.2720266752594576   2.6972738238196214
2.284402172795425   1.1396850897391761
2.035917238859952   1.4681938385130024
3.137508023274787   2.639392708680364
0.7504519918350039   0.6547140462597703
0.6446098408655383   3.421172718288183
0.9865435355692451   1.9925204483646373
0.4937270086401404   1.3216745560636485
1.3156304402559478   2.921791783136732
2.5195391789876425   0.7875065401161163
1.498334999855707   1.2439151600368499
-0.366124425239549   2.130009106518171
3.137883742208668   2.284813560797969
2.0543167391923154   2.719787892349883
0.9652238273387674   -0.15971045249129912
6.103582447422966   1.7028778413608692
2.7306658792228258   2.3466507617597827
0.7694438416194385   3.0893061814698592
2.0184799803752336   0.932623028522352
1.3054073968586821   1.35595270836705
0.9988338250464086   2.9111475250431478
2.714531196131879   0.7466851750405232
1.0645437806797722   0.6491723643656551
2.868751281167303   1.7264576671778442
0.9667388035635736   2.6687434750889265
2.8932815310519735   2.766187376245587
1.0749929627432637   1.0347766975956345
2.1636673579605588   2.297610467536912
1.5614721018762467   1.888086066874736
0.7001876892309218   1.7251582684799667
1.7034461651465858   2.5053014498277255
2.267173684533903   0.550014861454311
2.634842492291   1.2164089086167393
0.7029041354455714   4.357024543839226
4.021443176555756   2.1800324465747263
3.35912014971933   3.225809568899698
3.1036335283919954   3.8135709518451297
0.43847895259992486   0.4851932229319227
2.4439246067320193   0.76174154424353
1.9718160782839391   1.3257319460237267
0.9013115761861203   2.3549237914252084
0.9780024912890466   2.3178875082470265
2.8467158902409526   3.5451662369335866
1.3028095721924389   0.45425109224393023
1.918012585287209   2.196210529428103
1.578766730640596   0.010185321717229634
-0.48236947208858494   2.2921942808381606
2.3767913123644897   1.697078684393245
1.9375801623540483   2.864987882508561
3.8103814410229235   1.6052350568452214
2.465215798905897   2.6099267615401325
0.9242232324701869   2.11330641172159
2.1616336123404745   1.3213541974818384
4.166901953675014   1.4176525574270467
1.2687647387346779   1.9292759423792005
2.7959781549623908   2.7230924574709827
1.8472651223725065   3.381506785767449
2.0176353762554298   1.554843119378495
2.532138973971906   1.1723152267530645
2.4516553555633407   0.9734484949850943
3.4259905986719557   2.616084719800278
2.07988678776111   3.2169331067913056
2.543794726940906   0.03761326581081326
2.513569724835405   2.4754046482855
0.24070024039865334   1.5647383885528785
1.3403747051603567   1.6092535025684862
1.8134328975062914   1.9332568930622422
1.5451158939110083   0.6030339491306422
2.764162949549905   2.839648526190276
4.015837742834059   2.695634736301
2.3232837260936616   2.426439801952238
3.4969342699933925   0.7989327592931508
1.885220776569116   1.8822510447523377
3.1795381122523585   0.5617946162963052
3.610470919117569   1.066314877373566
1.5416175425509353   0.9033187207386388
1.8939558084864714   0.5836118786316704
-0.14188731090345996   1.7052630899000856
1.698019992924819   1.813550144616618
1.2349886506160737   1.6968612226231325
3.035588166665021   0.912832350529716
2.22337602226961   1.2952985614319923
2.0550342949665663   1.9477191574170343
2.435686917533697   2.0238119474925007
2.7040123852545688   2.6434085102052896
3.535135177169183   1.8339406634163662
2.7542129486890983   3.3539051990306827
2.835159158977789   2.0361693388248443
0.6752810600683481   3.619641069302257
2.452566041984944   -0.3521327217147925
1.770727788346647   1.1997655346244063
1.505695637027122   2.6115390862303647
3.19304425210887   1.6497393909666025
0.5824885634296117   2.2456473057377706
1.6813319687091828   1.1234818024642395
1.2773484778167987   0.45348622801028204
4.32448412459113   1.7581811555458982
1.4751227522348724   0.9356793716737846
1.7350568588915805   3.148801648188744
0.7400093435749615   1.7639827784797921
1.2512525984790301   1.8295320495965757
2.6527262079828606   1.2450390341908726
2.609876869500621   1.060049394765495
2.249343505837383   4.031867239984003
2.838768928958285   3.0033744982426347
2.4074117564398625   2.756095486828888
0.28291244160760276   3.7302970962630866
-0.10384326784184683   2.7372406892943753
2.297233139674757   3.3255511736707364
2.9406070664631025   1.8854212082608166
-0.160464325193999   1.576433797724565
2.2748426621011832   0.7533044391312338
1.6358082226613533   2.7507368153132163
2.2994655124062144   1.5154040426316437
1.6090156360066956   3.6868721540515876
2.4801885168661113   1.1615958689864376
2.8332647050304   2.1307554212663713
1.7315441929432422   3.280440489501602
1.605556151616686   1.5946696475654105
1.3540541232204355   2.685400897133265
2.3585656592640802   3.260028877354002
2.719242794037233   2.783606110657253
1.723769351450272   2.28102321459715
2.4771650722058096   1.8064125465610879
0.37128023651730735   2.4429175014540156
2.3338103581287823   2.91190131852872
1.8307296707824712   2.1815732389129163
2.4616303008133076   2.7029561728901603
0.5543965191201354   3.0974045759597804
0.24031138400993135   2.673658149713645
3.0726401480527294   1.214222508101889
1.8787281320058011   1.1172262281308463
-0.44060793169806356   1.2913407502343572
1.969957310664421   0.89377679192827
2.9854508162366575   3.416543971931472
0.633316014459145   2.3930150656026936
2.71428118973499   2.4385752205679485
1.7769114102646661   1.945320965514764
1.3444617802598922   0.689949667032423
2.6978403529229733   2.2013306447884817
1.6510973110935785   1.61453396160879
2.941460744903346   2.5697628777635466
1.8886199151851022   3.2175353593008964
2.48785318527114   1.946698745712149
3.7715948886031363   3.1144702492355787
1.7957099185050023   1.1215670758429348
2.007745879870586   1.0468182320983856
2.5811590355615563   -0.42913683174297423
3.678395797871719   1.7033382305809408
0.86125862375777   1.724972003555596
2.8917448178960337   0.31228180898447255
3.8916518816156183   3.3102575652191204
2.774750342961868   2.026224530973012
2.8419088410265756   0.7381858662578045
1.3619131985583164   1.8578773059871374
1.8217204485151544   4.466702052252375
2.416251107530811   2.901178182849244
4.102211002960761   -0.09521089332646238
1.5567424698095853   2.7253125727788685
2.84027773801202   2.006830076693746
3.5960118442847393   3.2793691248446146
2.4646761981757135   2.1425168014678144
2.116232835844941   1.8634653389277536
0.9543496672141905   1.5862178792968173
1.5714890717445935   -0.4840515560755514
-0.1744006300396661   2.040267303703302
2.2843899784316912   3.856994499951923
1.6343914020548462   2.9364745367536025
3.7379734618851925   1.6579388016074084
1.2024940575481415   2.332597799335369
2.2564256110972822   0.9241566501108411
2.2650789939259006   2.2031731368821625
2.785520537522844   2.1728191921960196
0.5655489392359287   0.788180660152179
2.5899318162101053   2.339968516061222
1.4782105404182624   2.1711328868776594
1.152548720195755   2.2053021159092667
2.2385486197052358   0.22500165820831053
0.8942677103514924   4.1875272314418055
0.09492735156031373   1.4063498198168873
3.330218771098886   2.672411622017475
2.8930438292795206   1.4280479867932088
0.7499373961348319   0.8692100531526201
1.0597660551171075   1.168626176073015
2.2191676740189075   2.482446650609543
-0.28345128982233403   0.9775386555628367
2.411913647909149   2.344698505195387
1.4804434089378118   1.683736737705862
2.5049166447970075   2.115132017620123
0.8313648954646318   1.9077388015036802
4.385951080268493   2.5064959213132165
1.094350742554057   2.7324883975614545
-0.4690006768912096   0.3823093311336665
2.427653984123762   2.0167725512406016
1.6647115035373767   2.230380959717322
2.7895673193670363   3.492986897188027
1.1757408129002154   2.5342638298386584
2.38775373242555   1.9840164113912957
2.4722701672346794   2.597271232803587
1.7963104995393215   2.207443990457346
1.5924539024594337   2.204433050892427
1.9733207035015368   2.448467232915491
3.1442096731954394   0.3483324121233635
1.8296775003387749   3.835729967892253
3.554109488157285   0.9986886099371057
-0.35262316008216343   2.2951781354239325
-0.5858414063255628   -0.24247588493713357
2.299101085866789   1.6574159924191778
3.7694328333396   2.2629260661453756
2.039926824221806   1.4003822642351227
2.5288723456141837   2.0537954246984147
0.8928221915764945   2.5317758284550256
3.9218977262433374   3.2271773599714537
0.9592551955368966   1.1219328001359012
1.9979215382423923   4.421239125144181
1.3965866282545698   2.923592653457277
2.148120673133341   2.384968036815367
1.0356293793645088   2.4098917304699277
1.198901983130296   1.8437447480439446
1.743765021149615   3.699406408397672
2.930518644067891   1.1399988297277177
1.722511791287226   4.253338901407732
2.4811787800934546   2.1498570011781433
1.4652088757820962   2.5562562213191464
1.0241521616961289   2.849249720506153
2.378153205584993   0.9637906089725374
1.6214436872108877   4.6185038099329425
0.9319251190174103   0.379962565277177
2.025502940898893   3.409074496332779
4.047322456803916   1.0545638576783782
0.39116466921402937   -0.42374496323067357
1.0382869046991225   2.3878126445928354
3.6694707363352403   1.8852586349599088
3.051040747245944   1.810249560033286
3.33612994401704   2.493768891228878
1.1745353559516882   0.9227029717282988
1.4145681813620072   2.4616801441980427
2.286285619181432   2.575863586407636
2.155336391189992   1.080313400982116
4.395717292952439   2.429375562560108
1.3127301788568952   0.7627063078615686
1.7435120601642702   2.7350156932519596
2.4993485986993345   2.827383142432239
2.5794104864580847   2.770187708474169
1.5034069685422562   2.302852674250722
2.7471923339821696   2.7421115887033745
2.4014390659806617   2.846143202843159
0.41469446855501135   2.4152864860844563
0.6710163762516022   2.6142491397911973
1.210389513839575   1.5972835581127134
1.4981238715507708   2.1435999136108856
3.8089027943717815   0.5990440037507361
2.250143272941701   1.7320730307534586
0.6437443777732443   1.0498365039755888
2.672020311429275   3.5786277945559624
2.4784132297436066   0.32262227083959694
1.0184155835300828   2.67710869788675
1.1397033328191122   2.798266026340131
1.962200003522563   1.4976197463350198
1.540888290054966   0.6744875180246954
2.2933991025035496   0.3918054961064541
1.615597101796685   0.9961796203718709
0.1734266873713164   2.0914079353570134
2.310232980875763   1.193547577011827
1.316501391765914   3.0426660203240594
2.1677650624813323   -0.159593512649586
1.9451049747200668   4.542579050046095
2.946615368629279   1.7423586172101155
3.1618498485757494   3.4689306041795813
3.0927039417233537   0.9830776283049174
1.805441889020373   1.8834842753087664
1.2475608022400615   2.2519587656858135
1.4794146959506798   2.9066140747015923
3.0053256875156453   1.7324365407146238
4.021726933440414   3.6697070742523694
0.2960138752977688   -0.36394981233547696
3.699543254761233   3.571220588979414
-0.3066053842715779   1.886935600956623
1.3321704010358033   2.53551817514318
0.7477194731065211   3.6644257473964523
3.3239381210372896   2.745534541497574
1.8297236573695503   1.8485633931214236
1.2320638660118792   0.8764990709006757
1.7551064144239366   2.125724208552072
1.7246925321769462   1.1500121686597387
2.6707977385723733   1.5201871308680608
3.1623632410770455   1.552507265986705
3.192819389726714   0.7681119654260404
0.5603761646605714   1.0236720377018405
1.5410551617462929   2.9783589266932333
2.737076478957809   2.690564489669505
0.9100876815125876   1.7685773016524822
-0.9029533973050841   1.485894514054856
2.534609400879103   2.5583597028255993
2.0880070807494397   2.0624567360514985
2.708954466403383   1.249918147968557
1.0880492110951492   0.8458734731410982
4.632659972496945   1.8222215746582575
3.76870442183374   2.575318912208041
1.995616941237432   2.053494051320842
1.323670769508634   2.682196493871059
3.55118364610974   1.6360059637809947
2.686417811565918   3.455529520801346
2.614414613053702   1.93969077576655
2.342931687882167   1.330188792683158
4.5812828467327975   1.9536755134008505
2.7552191566096154   2.4595740527546845
2.506637933327177   2.65880304097002
1.7187504917956635   2.2627267944992036
1.434476188061329   2.309432285844799
1.7688137145044793   3.728709396436175
1.8927579892520825   3.339604749033481
1.6630985819420554   2.090338100359531
1.4408283359925775   1.2743759211549315
2.0913859615021724   2.2410919475834272
2.0209850120529493   0.14452945224364644
1.5509861952057742   2.671237811244237
1.8806447238917732   4.008578576657333
2.2470740803616103   1.6948543575301847
0.21351734808903622   2.373739374781563
1.5404106198317897   0.9568414386256188
2.0644454763914073   3.211286667449302
1.5008906198863994   1.0758125293235938
3.239949739000231   3.283934426473966
1.2468308319478476   2.5351222687156403
0.17079924094694032   1.1360856105077048
0.16207532475170439   1.5903944807629478
1.170486378618596   3.312427742776042
0.6710682976502915   2.343508820224256
4.4622046609708965   1.6853412789936522
2.104843985499144   0.9799627820014865
-0.04311570915669005   3.3207041925286562
1.5413667500857968   2.668733108408737
0.5023740471320564   1.6120422073106702
1.4421212223858964   1.2892842645642473
2.049867807008837   1.4185646191558159
3.7624511768540825   2.8926748537900187
2.738937682700584   5.128690062595211
-0.3252301829286486   2.57260423614314
1.5201948832911814   3.5727121308721244
1.4642238680418531   2.254618375010369
2.558688682087739   3.039681667234488
2.0652938829024072   3.7938419938117365
2.0859247575853233   1.4151087745693776
2.407416636226038   1.6054441870927205
0.8442808607284307   -0.4486668248276331
2.200691226676169   1.039053516652503
1.4655276195976348   1.2454585637848772
2.1967906739713157   2.213099108425502
1.6892815819124052   1.1110648099658966
0.20861205698643026   0.544161381601068
3.5883587854164833   2.4006481134819473
2.1641447547678077   0.478580681560145
2.8966408753330586   0.6728439575861775
2.155683915133434   0.6464985921625079
1.6542074653104872   2.555288787508599
2.2281211380158163   0.19718527871457026
0.9760934061446529   3.2701508391399585
2.2183478821145783   3.0286804717574274
1.3601871961712968   1.6225448623829755
0.13876464441769354   3.2933350429876667
1.236603935098484   2.507860534754052
0.27845981887771676   0.1374044004019459
0.30352916760916226   3.1083475729098544
0.3584896236079633   1.941577765745161
1.156395108587994   0.7755142253769165
2.074390185476073   2.162574751414469
0.6086719584239044   2.6565553855865565
2.6178349683750466   1.5532525706080929
2.6771050502798928   3.2885409688190705
1.4384419956936507   -0.2893692554777636
1.2217954304144691   0.7543773072203577
0.41686915179641293   2.0026222042354616
1.5789839540207602   1.3007168695012847
1.2011046658298157   2.485779160743604
1.2050045026003158   4.292452974082081
1.5426788031174732   2.2593303354990395
2.8709073208389517   1.2806227670074501
1.3402321447975587   0.9464392395055372
2.189301834289861   1.1584088855356804
3.5465953973263096   4.005125464128353
3.8818464350740034   -0.3141285108733731
0.2878655282327651   2.6745384385276885
2.4486988907891165   2.0578334400001617
2.2702778907226704   2.251475525295429
2.467946870993829   2.9175352423498224
2.097875227002899   2.415575355377325
2.332003724842546   2.5360123218967683
2.5513842044025337   1.8362383180220203
1.6664229497163976   2.9258072738563436
0.6749733164451117   0.8017900205363941
2.1393398228612566   0.8430391631748009
1.0615003672370342   1.1176117108767387
2.099118910497467   1.5354040442247985
2.940165302808319   0.8864690375494784
2.730004060842139   2.1554458040810784
1.0532578594229838   2.930457058211074
-0.44656742967555907   0.9181256547126928
0.8899950693172836   1.9310470853310822
1.2186587246471714   1.799410613616315
3.180737999019933   3.2872669362326166
3.500732070387638   3.0414903203914863
0.5717119357687375   0.2556084898863167
1.940231827857377   1.212199047676649
2.3029125892082645   1.0326060512940165
2.6733498455881817   4.5300978633136015
2.300028704535315   1.3532929177961437
1.1355790610694068   0.8968217243435652
1.72964831149579   2.0249903021340154
1.0754856795808667   3.1007444628691756
2.574876420838051   2.7861848859351825
2.1068313939973367   0.6766276952256227
1.5423675083465036   4.202192988188537
-0.2991327169754525   3.8430741630007
2.0732338949485176   1.120096726954558
4.603444305937154   1.6875023014894663
2.366740465421874   1.0380326326851101
3.7086294464526155   3.5474469496292187
1.3132411367032981   2.8919387445823754
3.2969676620825075   1.1607737220458176
2.3076680433764922   -1.8066669941474383
4.883660120129237   -0.1582433175039608
5.059646038918526   1.1998022999181508
4.631779696473538   -0.8422675265807702
5.241634088229077   0.7804094906458321
3.4969723670214394   -0.962884235405908
3.2249259039279323   0.8529188984352176
3.482798396342827   0.8814787430725812
4.826988474715101   0.9331067773412096
2.6734651543286323   0.48932307662865826
5.2548840270049695   1.9591175973088224
3.864913261547542   -1.3904886552891391
4.889142704297852   -1.1867096707446767
5.979475655881514   1.2772663071813768
3.450012070113316   -1.766258550737562
4.923312577538123   0.154027135712417
4.598669659849885   -1.23938673358832
4.725356301866294   0.3979231130232219
2.0304476801997144   -0.8309680498519705
4.616597214877294   -1.6348491307149668
5.780940574100635   0.02706912940414874
4.453084141970711   1.5365293160372682
5.131711901631501   0.46227221057424783
2.012613948519763   -1.8144315508942652
5.187831394327843   1.8076970596068538
4.5672666239493385   -1.323878408359319
2.7139144840480975   1.3066841571387733
4.117602918687853   0.4455074716568994
2.87497405604687   1.3891978329731431
4.192209752751382   -1.543507461918888
2.2329494508641488   0.5968792888884757
4.350348382403922   -1.5407398095201557
3.6644142335816072   -0.1063511318953676
2.74578094351343   0.7327241950764507
2.2556428820722876   -1.4668055109330063
2.29913111023555   -0.14368719121374718
3.2401498312771597   -1.7149999661541369
5.7763396714781035   0.32487374921398615
5.922906525218378   0.2639155454805908
4.220461963031665   -0.978951178069297
5.954102545870459   -1.046023451782354
4.766239610469888   -1.9361848859206785
2.966643451360644   -0.46102110534716445
5.239254728557723   1.0292007098984235
5.73804676307177   0.3006401825087206
2.5152139454387736   -0.36765800285582806
4.747307440845738   -1.2171673045430187
3.1889797171309606   0.04869731514513331
4.5888832900985825   0.8533827620072003
3.8550352314178498   1.4695421998964768
5.691158568601351   0.967221639500973
2.9668876362639236   1.9793301647004955
4.640626055004658   1.466992817495874
3.329147914163994   -0.05674896344122593
3.907011971498849   1.6132216272821291
3.8750931024989406   -1.9187420582077988
4.823715726302726   0.5471498044768737
2.959797469094177   1.7762228405957687
4.868810375876976   -1.8368793815913034
5.460786806123415   -0.8573134430843985
3.643958624237463   0.7090151875182369
3.6991486885033154   0.3447132661248755
5.817145497996163   -1.740121524980657
5.525674454106641   1.5168473831443041
4.7943506645623835   -0.04836273612594666
3.221604562340083   1.5659022644500933
5.317304372547904   1.0491789106088136
5.882418298522895   0.6212192782527639
3.2004108673367613   1.8859260761775132
5.9922489810442165   -1.3154435719090165
3.762993714771699   -1.456139396166378
2.0249076149698406   1.0208426786704452
3.167604489209255   -0.7471321414599363
4.767513932266451   -0.1469903353688029
3.971397067069785   -0.6422633856709732
2.3339105336877934   -1.9615126703898245
2.7831485696242173   -0.664794225758994
5.910378993160153   -1.0127069674040388
3.464794855049598   1.9762435702690628
2.557729532558277   1.6222678808996784
2.0590221001442686   -0.6009266072870074
4.562564741139914   -0.887538098470799
4.950887988866798   -1.6283053424487113
2.107029208702818   -1.0378788855982988
2.408610383248422   1.6065865030266968
5.573320887611192   -0.7030163196980426
5.055505916736468   0.29081338939198886
4.330658155963288   -1.259739667955929
4.74172109827337   0.9516407584257842
5.868534055324616   -1.552974398529488
4.201377592600235   -0.46499332977999375
5.108787393128237   1.4494586466442025
4.4414016853163   1.4283317221003826
5.954373509371818   1.2774546369310684
2.1930489112123244   -1.017219826129622
5.941556328411039   1.5903532891009862
2.818944677077151   0.416494102972071
5.649908727498723   -1.441074518324408
4.662184108428514   -1.3547946006235532
3.8492856288183743   1.532611383173355
-4.909561033947378   0.5663888659959511
-9.898001465087217   4.414809643698897
-5.414170558476905   1.2734631956230833
-11.130822278268198   4.973926687666506
-7.004739509985165   0.717015433873667
-7.512563652918367   -0.07632844256089255
-4.570002493634053   2.618468143365403
-6.959317244801995   2.582420103070663
-6.948182713918691   3.109891908712371
-6.432249097511386   2.3508626822844767
-5.635040416803538   3.2963211878851846
-5.503305869843666   2.698008582599752
-8.14693338060616   0.3640095547209512
-5.952497708669248   -1.1276736290106104
-2.4552786141400884   -1.506664285062893
-7.904393928704576   0.5815281010465099
-6.7880525125037945   2.560404092557147
-6.509453049193637   2.8492925456347966
-7.717839210144874   2.444139952069691
-5.797281507146121   -0.2866803002103837
-6.704992303624535   4.115715239268178
-6.10887975397106   5.70752732495008
-7.707996764859149   1.8195631176554319
-6.3184655898050694   -0.2353767427880582
-3.803421137363434   1.7926716248740908
-7.913492700505339   -0.5072706092868065
-9.545602315555549   2.6078522891907348
-7.034782845531809   -2.398109359024472
-5.654709748887486   2.0739212768176287
-2.122018337214518   1.1768573004752667
-6.984436117944113   1.1040703969714376
-5.455876227922092   3.7754181276520313
-3.5382807612273908   3.399853805947583
-6.3564466455887505   -0.3921776905440546
-2.897211575322272   -0.6018130204581018
-9.512166486846525   4.761223838862431
-4.701692066813413   1.661692825686485
-8.319418818158034   3.5220363177066494
-3.1293203890699863   -0.6024482539563691
-5.268449527015025   4.415772788791811
-3.245074581996952   0.8234702259076592
-5.990642327970307   0.868318726549753
-6.653771110010036   -0.12311843005752543
-5.600622973024598   1.7210281024543717
-4.5149360854885   3.8947370580413807
-5.790071454807614   2.5923139711112055
-5.252381657910497   3.0386357222665685
-7.469459744511788   6.874886574907561
-9.893558721194184   -1.3115523577219905
-8.867881256395806   2.3008188980516615
-8.337514789887699   2.5745833076528983
-6.308991095361392   3.9593683377062145
-8.026890522102743   1.7165241849311008
-4.358556269312075   4.6280461609284345
-3.1895207139044977   2.359529983160401
-6.465512445060337   1.4681504337416973
-7.252239541969532   -3.149941864046121
-7.566382325311513   0.8553489372165128
-4.933995374575167   0.8608684778969136
-4.514947577879004   3.514222478822835
-5.621835886657892   2.4945219595686705
-6.329139611490011   1.8443142714872491
-3.6769581017913056   4.472440242359752
-4.948630352983779   -3.876723722243913
-6.883446039922361   7.21394298863091
-4.841049699605183   5.0195005401423165
-4.212143625181595   5.952864032224957
-6.34017757914577   2.070733602859257
-7.851129321137422   6.927504121980587
-5.9734921245623065   6.202636403598495
-6.837159763712413   5.445369208138734
-7.37020609813476   1.307008312092249
-7.238775791041906   2.1809682071472762
-6.542866019709021   3.295455604522361
-8.52568011582652   3.2523284997109343
-6.6101599562931765   -0.6636961640279018
-6.810547591781192   3.422910130150938
-13.028563754105658   0.5870314404860628
-5.256316566195133   0.6459217125116945
-6.785550524730273   0.5146521593681337
-10.770122535291224   2.464570861327435
-4.3947834937692445   1.2154919536827784
-5.3799163043272324   2.0794790090959308
-6.672181251025665   -0.9558836654600822
-7.360228801292224   2.5319019522931336
-4.642728235692365   -1.020606242646759
-4.700184126370984   1.0059498270075162
-4.126843824206823   2.3977667969115024
-5.771449818009071   2.1295371022062484
-5.578638017362288   -0.19382742648958873
-6.189162038558699   1.8755976817064297
-5.854357565492857   0.41755374183858107
-6.197812995555418   2.327611641771883
-6.915690929990387   1.8756625191065095
-2.983516897130603   -0.37194078648076445
-4.567990808686928   1.3623444268294693
-6.662139409162486   2.145773895595363
-5.544959595620123   -0.4371142079253678
-9.332524258291487   -0.8017809289419593
-2.6514664334579923   1.3803473399323989
-6.060999390673277   3.06697723371256
-5.746078436724609   2.0194161238903074
-3.5883143133645485   3.209418790619506
-6.703755372866064   -0.1431035295484122
-6.8892196282956   0.20412069152871393
-6.649003530951356   2.128516457570101
-9.759644221946797   4.3588717750547445
-7.261034891538118   0.9070704030475663
-7.58713889478389   1.4007489869134915
-3.769149278451917   2.82204920757543
-7.7224518426790265   0.8403520406661573
-8.329367278806897   3.697955210841136
-6.796505547817731   5.681108844106857
-2.842197059912824   0.12251286558760333
-4.556620821423322   -2.4484896311208324
-6.188027929887584   1.7807400503983901
-6.908212554688207   2.472396153813545
-7.380391502349981   0.011444310914286548
-4.462123837826235   1.6937610210189997
-2.893534851462049   3.419618803770609
-2.389170672983191   2.3478925928282464
-7.664243965361134   4.767505534573431
-7.868423729029326   3.055161809298409
-6.322066136047727   1.0298689791559335
-5.998333691575272   0.6635920609665669
-6.507541749841289   0.03246476995641845
-6.9111038705878585   0.03833056023153869
-7.34758559293354   1.327938357320578
-8.62209577721391   1.7724028284593574
-3.9938001746606524   4.336200242846555
-5.592952172452574   3.4111050620910364
-3.3797810290596724   2.2823183009454215
-5.351761555446   3.2452139409535548
-5.319790476551055   6.54948165247603
-6.07282713874287   3.966799032472321
-8.015818124076771   0.6904520674329833
-5.284700273767425   4.014644430885834
-5.832838434870752   1.654704352089127
-10.16059219750472   3.3614932107619717
-4.7697028248243285   -0.910148826950556
-5.356865116355652   4.367779854781092
-8.808139365242095   -0.782015186563275
-5.747907310683746   0.6446489703982046
-5.116328892226831   0.7886446772182187
-6.50198161159991   1.5225387853045418
-5.973911851465271   1.7885792299345853
-5.140164687197524   1.1780629921295924
-6.154712693567813   4.243402171371027
-8.021997970637155   1.6399790283119633
-3.9197587550684045   2.342349894532876
-8.928516145946197   0.4775416350042523
-8.470965723288518   -0.9118182253078522
-7.7156809027012185   3.9091714900840984
-7.881247005995748   3.7245474322319794
-6.979892549409611   0.29756723946872166
-5.654655548676821   4.920430462624163
-6.535890060785007   3.7243232943687903
-3.138662046819318   0.09115637501080665
-6.186235571330058   -0.6109334752809596
-4.086051611349749   1.4866958281962561
-6.2117037681383565   2.5720099654176316
-6.892414220979982   3.395035955050715
-6.229386937907072   4.694330258209257
-8.661573813427905   2.5932128757509774
-6.371171799361082   1.6050498738672083
-4.538084017089398   -1.061872723337561
-5.450042054848561   0.2697966360160593
-8.285621357731086   1.4519675863996448
-4.587691834552212   8.169623093107095
-8.139306932916815   1.8714307787322677
-6.045846772861057   1.6513391067037733
-6.4629712557128585   1.224754536704537
-2.963701105714402   1.3762458377718367
-6.899921885426506   -3.0960663542378306
-10.073371500392913   0.6306078058031035
-7.470629502820913   1.3876856596774614
-6.199109597613768   -0.9749314990775084
-6.130056497664931   0.730826223663845
-5.410645193312779   3.044926906552939
-4.869777352845453   7.046057091187135
-3.9719255058079352   2.9591043196684765
-7.0811468438289955   1.9988806095923872
-5.0108886084901485   3.8295494477100256
-5.903156624910066   5.752266742802897
-5.810277690799697   4.196754321810218
-8.195578483065878   2.2848211481993466
-3.7303234979567   1.5653924389431357
-6.477573426395416   3.8855059126142693
-8.534707496085886   3.1425098768356503
-4.923967363637013   4.416527639107294
-7.7275980800103365   1.8149849308043888
-8.268487146957181   1.5248204438747575
-5.635711303943288   -1.6178648458291311
-2.799187062931932   3.512596948851687
-6.722959425753022   3.2500306691101253
-5.1488693015130504   -0.672801733919735
-4.239499708018845   4.483310827127969
-6.654639761612589   0.7408565436725816
-6.533156670009549   1.322233503425965
-11.001458920448567   2.953218717211378
-8.947620020902043   1.8714694222129031
-5.888324652177721   2.1043821099527014
-3.1309640295437413   -1.4677458549670508
-6.268729885649657   -0.2442444666456285
-3.306749233492298   2.1360472839115383
-5.201931886283827   -0.7602611075578332
-5.052846642995185   3.6837875259717614
-8.043004140331648   3.2072236235857394
-2.3443713591533113   0.16984195905332777
-6.2597975275371525   0.6532422156777549
-1.7999828646224794   2.1720437263068826
-6.218478317320275   1.2619747773075387
-4.523497561628396   1.9126561616788464
-4.786267956487937   0.7557606390542417
-7.025481916877974   4.681755825487831
-8.100664541821251   0.7664433015179999
-11.799406522453761   1.199783946574575
-5.381820810428346   1.8517855031666244
-4.512491213189131   4.941083410762786
-6.971738178010258   -0.045717001371854415
-4.178644555725623   0.5215292450950544
-4.247582328257226   3.4228903102777797
-5.099795790609116   8.28680768778278
-6.056297907813517   2.7935785570258638
-7.420969986679042   3.086596986491388
-10.858432566954946   2.206380750209229
-7.023376486058376   2.241955498575291
-6.939150616840108   0.3286128190813049
-8.800563176407074   5.2714624608300245
-5.931439478298591   1.0423720993716301
-6.104101885452514   2.0883460230089126
-5.751340559640804   2.819848877181151
-6.159427654150481   -1.2964574904064121
-9.113402280888582   0.48420196745370525
-3.4948566816210023   0.07862048989933745
-9.539445537757445   -0.4226394930236612
-5.642232708508456   2.1859851658245355
-6.732140619510159   2.6643222067424452
-8.959764122808844   1.116193847084348
-6.1734121482277216   2.4035804714340077
-8.299448930675487   2.2712276437519523
-5.920449650447041   3.2290321717762422
-6.814966304770271   0.42720926769121137
-4.809563696337117   0.36951521383342145
-5.478346037882203   0.9057394285900795
-3.6877392573849153   0.36187539538664915
-6.672381652405674   1.0217453731284785
-7.340766595610794   2.2365377379336113
-7.335082375154002   0.2570982263325634
-7.971544006010279   0.4398556626998231
-6.0824589558223305   1.1232609064005903
-1.7535202408572994   0.7372591724169921
-9.349790001959132   0.5736772225187428
-8.346779118486719   4.660947193516016
-5.844410724646936   3.190765923375328
-4.670417905669407   6.782894339772033
-5.786407169340616   4.032750788859171
-0.7389789833844471   4.124858353856842
-8.144357558524637   2.5945226746790064
-7.146807332677321   2.3573128912143173
-9.545746416014099   -0.41687649172467545
-3.6483752827323377   2.2550749787505624
-6.379380499864173   1.4830079284990103
-1.66439634588414   -0.1595080450929829
-5.9586425734371975   2.843674630074991
-8.433084569744343   -0.017502585999731757
-5.585014091501859   0.8521551029395762
-4.579919993552595   5.089061565253358
-5.359634810697234   2.4157121209825947
-5.821632504555681   4.045084340738754
-8.182902179892812   6.06903958419687
-4.689997248939248   2.6119706358455144
-7.537627382172367   1.535531539073224
-6.9470614673186155   2.4451535221501133
-6.979077383567859   3.066420318196565
-5.833665766082521   -1.0502833279014063
-2.932212569025876   1.6256796241933276
-2.7082275287045006   2.964432835226571
-7.784412313963906   -1.0460202774067855
-7.317421143438606   2.2080591655226045
-7.108782824590428   1.5489501611333139
-5.962836938443209   1.8430411375361235
-5.781150651617662   6.4782575723152345
-7.960761483487739   4.16109678294133
-3.747796578824663   2.6784549961566375
-6.298086407578249   3.882966554985722
-6.178614843136859   2.377152167582254
-7.14863907428039   -0.14469630146007173
-7.157228936358334   4.587162429488832
-5.3228337673136314   3.6182161513055715
-4.952308897047864   1.0150074443560988
-7.419879420680866   4.985353709698886
-6.818162605845376   4.1672620223738805
-7.43329845053809   2.3939550211755947
-6.0038815023521614   4.178325137013644
-5.036322018386545   4.727826449540714
-5.7165484256285595   -0.5517259803008638
-4.184273988997871   0.20655812905515436
-5.762865021660466   -2.1543886051439642
-8.868919914076239   2.482237466011052
